300.125 572.982 273.125 573.114
764.875 572.467 301.875 572.482
2.51008 571.625 2.42671 0.624919
496.459 320.746 494.308 360.689
116.375 573.07 4.37512 572.979
316.772 354.303 314.4 314.374
215.03 314.018 218.485 346.837
322.892 313.086 324.902 353.036
305.08 311.913 307.289 351.852
515.114 321.955 514 341.924
254.908 299.088 258.051 341.972
504.786 363.972 505.946 343.004
529.048 330.294 526.426 363.189
617.912 362.433 623.216 316.74
335.469 318.904 337.11 351.863
525.409 364.816 522.326 391.639
591.09 209.804 529.196 206.157
305.348 377.21 300.758 309.366
478.148 339.902 477.219 366.887
386.745 337.125 386.937 363.125
436.473 362.374 436.979 304.376
648.012 432.989 598.064 430.72
489.987 387.746 492.845 321.809
127.382 399.441 80.5038 396.051
217.765 374.322 210.452 311.749
32.553 379.281 89.1821 331.646
431.395 337.355 431.744 309.358
682.573 334.141 701.626 367.019
207.688 159.709 184.597 255.978
352.763 415.614 218.027 407.192
529.713 192.112 595.568 196.489
282.396 331.833 280.175 296.904
627.271 312.909 620.694 369.528
434.694 420.66 366.823 416.465
434.954 313.154 433.959 358.143
681.957 272.975 669.47 175.773
596.254 430.445 544.352 427.247
278.763 295.83 256.794 294.675
429.964 267.199 551.892 271.379
79.4088 395.571 25.5476 391.702
216.642 407.051 186.765 404.329
333.839 380.787 306.867 379.56
129.871 366.647 121.878 309.201
380.124 229.352 343.124 229.336
15.3574 341.965 31.534 317.896
519.847 390.747 491.859 389.933
239.351 376.664 219.363 375.963
385.807 158.806 361.947 156.209
36.0307 302.643 17.0766 333.25
658.832 173.562 663.461 120.764
708.802 382.815 734.022 433.932
386.711 150.289 389.131 109.361
397.691 354.872 397.404 301.872
73.9925 248.815 43.6343 287.277
65.5786 294.646 101.21 247.621
553.89 272.03 586.884 272.692
651.226 162.038 569.306 158.434
31.6719 316.733 53.2574 280.704
340.631 383.033 337.356 308.104
526.733 393.686 529.541 356.793
530.625 340.382 532.98 315.493
53.633 311.869 66.5575 296.606
56.1333 276.123 80.67 247.106
341.154 263.98 388.129 265.517
531.475 426.026 475.585 422.518
733.627 321.874 757.824 347.163
184.483 258.12 204.452 259.228
623.995 370.389 631.441 306.824
175.694 247.2 182.687 224.242
441.967 522.536 390.533 509.746
430.514 359.707 400.56 358.053
572.658 467.106 570.613 493.025
618.073 367.677 588.09 366.668
97.5166 247.035 80.1184 268.973
330.9 216.254 351.898 216.558
724.867 378.955 709.375 360.625
239.198 514.569 245.057 543.99
272.401 476.936 257.054 441.083
644.488 449.997 687.196 460.578
718.759 526.066 681.858 523.356
208.068 439.741 192.261 453.566
238.515 347.511 239.878 374.476
364.722 423.335 337.841 456.897
477.126 440.876 437.85 433.299
627.23 437.108 644.079 447.884
764.846 443.41 719.048 439.093
283.269 571.805 264.38 555.428
349.409 538.074 346.556 560.898
363.783 154.381 331.839 152.489
472.407 526.814 445.012 521.023
726.837 362.107 750.518 377.045
36.6966 442.776 52.6162 427.592
567.717 430.537 572.332 465.232
64.2381 419.38 83.9572 402.434
495.905 319.268 526.878 320.545
673.953 472.189 636.61 479.216
703.822 351.831 725.399 362.34
328.513 464.574 297.099 485.954
306.195 262.763 328.187 263.369
192.255 460.189 165.562 482.827
183.343 434.538 207.144 431.454
41.5733 357.974 22.3216 373.923
76.5312 475.272 126.029 453.686
705.671 301.849 734.249 322.053
740.484 536.967 718.732 526.823
71.4876 327.914 99.3685 314.362
228.537 259.223 304.445 262.957
374.146 509.049 378.722 483.455
378.208 472.467 380.456 451.588
519.364 447.439 494.364 447.591
584.161 364.104 588.901 314.33
658.413 120.947 654.556 166.785
310.139 153.656 208.143 154.374
422.316 460.624 455.866 489.091
303.903 310.596 331.867 312.038
398.943 439.132 421.211 456.106
755.152 368.482 715.126 341.99
390.19 265.688 428.163 267.12
721.454 471.823 686.6 468.626
4.11524 371.966 27.4387 356.474
15.165 320.035 27.9894 299.749
80.8062 335.847 56.0567 348.941
161.904 443.22 183.99 436.8
473.61 368.998 450.618 368.364
733.782 308.532 766.196 333.638
4.63325 446.587 37.1479 440.949
143.456 549.864 163.561 524.968
116.43 255.481 89.6587 271.111
241.81 546.751 207.4 557.332
742.07 414.503 756.79 429.48
231.959 464.203 236.179 484.774
726.297 292.949 682.936 285.471
204.799 483.245 227.849 464.043
233.998 486.14 240.299 514.448
250.634 362.479 270.628 361.98
611.859 455.467 608.332 434.766
714.827 321.781 696.509 304.769
262.075 354.052 281.886 356.793
299.665 304.952 325.657 305.596
166.958 484.134 140.484 478.826
292.358 416.012 300.045 436.625
448.258 364.874 448.122 341.875
61.3233 461.059 52.2387 483.274
687.791 460.47 718.047 467.224
755.402 328.848 725.182 307.503
91.4406 549.36 83.3118 571.942
323.513 376.316 322.193 354.356
383.565 365.13 350.613 363.341
755.838 479.949 722.872 471.628
509.431 387.345 510.754 364.382
149.111 412.353 123.112 412.13
141.31 309.852 149.448 368.289
276.724 536.701 294.958 521.095
138.752 480.91 91.8359 483.723
651.287 508.662 670.993 505.246
672.077 504.473 700.613 499.308
369.462 111.434 368.371 149.418
488.625 154.986 455.625 154.988
613.88 156.132 651.878 156.639
647.084 274.563 668.052 275.714
712.335 435.269 679.343 434.513
717.79 467.448 765.725 469.954
118.045 451.198 97.6415 459.426
121.923 566.056 142.235 549.825
373.473 570.374 373.35 549.374
580.877 461.721 581.911 441.747
627.753 515.018 651.548 511.888
185.148 404.415 129.358 399.577
86.5817 408.523 89.8637 428.252
200.562 157.144 190.851 192.846
75.1671 514.652 52.5707 538.703
52.4414 484.718 58.324 503.833
753.216 401.812 736.97 385.53
317.985 315.93 321.014 376.856
360.482 469.122 364.486 439.39
380.696 432.905 370.664 456.891
473.819 422.406 446.856 420.986
69.692 461.493 86.1091 450.071
188.263 253.821 196.061 220.728
666.62 571.19 683.478 557.056
592.14 310.89 623.119 312.037
514.353 161.033 484.357 160.575
511.068 323.26 506.725 388.115
369.022 483.485 366.824 504.37
510.55 156.302 490.579 155.223
4.52954 254.375 4.50436 2.37498
483.125 160.532 463.125 160.666
601.267 436.332 605.615 456.877
4.9405 274.381 4.20184 299.37
681.113 123.46 675.837 168.15
123.748 270.533 150.648 272.865
128.724 374.594 150.682 375.96
158.891 273.6 181.89 273.375
671.9 215.91 672.943 236.884
304.422 386.415 334.39 387.814
4.22794 324.372 4.70856 303.377
506.379 398.516 529.376 398.202
