301.125 573.112 218.125 572.956
400.625 343.123 400.186 388.121
331.79 303.141 333.503 353.112
701.875 572.522 466.875 572.437
185.119 572.527 153.125 573.143
481.625 363.483 478.469 419.394
2.50718 571.625 2.43195 0.624927
765.122 572.519 703.122 572.43
343.1 309.391 344.523 359.371
152.375 572.996 4.37498 573.022
497.702 369.56 493.884 424.428
279.016 329.817 276.48 291.901
225.976 277.365 228.091 309.294
329.374 572.503 304.374 572.567
273.166 291.206 275.382 328.14
406.044 416.628 405.831 345.628
492.041 402.294 494.004 369.353
414.817 351.194 413.366 398.171
281.857 294.825 286.019 355.684
390.875 572.479 361.875 572.488
341.319 353.117 340.42 323.131
242.283 266.573 247.313 319.333
446.375 572.524 399.375 572.487
520.935 539.893 398.231 470.437
272.807 349.943 269.227 293.056
395.324 411.624 395.74 345.626
654.515 387.848 715.8 406.293
361.622 572.295 330.622 572.449
412.174 422.248 394.276 413.324
328.888 351.581 327.098 305.616
397.681 468.926 175.883 341.096
175.82 340.223 111.284 302.013
368.262 108.323 363.126 152.022
382.017 362.625 381.907 385.625
501.527 242.162 455.577 228.285
464.071 213.665 489.662 222.272
472.223 172.686 410.33 160.928
473.68 417.279 476.508 364.355
107.567 300.135 170.893 281.539
225.156 326.678 221.585 276.806
228.202 311.152 231.29 330.912
620.473 267.123 620.293 288.122
156.985 372.657 134.378 376.891
183.072 257 187.632 305.788
599.618 198.107 550.583 188.338
408.319 161.066 380.747 156.183
236.934 286.792 239.8 325.686
349.006 149.645 329.202 146.857
592.988 437.551 598.421 402.975
490.837 222.137 526.526 231.9
126.854 382.557 96.5276 388.986
298.48 140.288 271.766 136.369
649.469 370.841 643.916 398.285
456.704 510.941 458.952 530.814
736.396 346.309 717.791 338.973
216.937 199.41 200.605 220.911
636.558 400.078 640.781 375.437
262.156 135.27 236.831 170.021
618.808 513.221 599.01 531.579
219.27 329.229 213.912 265.454
423.156 374.208 419.645 353.503
560.386 330.933 624.252 222.318
704.343 464.828 730.335 507.541
420.721 393.112 420.981 373.113
426.84 383.316 427.609 404.302
460.638 534.301 473.902 553.091
228.937 509.849 209.129 512.617
372.397 503.81 335.982 522.648
489.579 469.69 515.126 478.43
635.756 549.607 638.288 570.453
751.423 432.022 726.637 439.872
230.728 182.309 217.675 198.76
265.206 342.454 263.236 315.525
387.449 412.388 386.987 379.391
423.029 558.945 401.562 550.688
720.349 351.336 746.267 364.346
290.1 335.301 287.241 314.496
387.688 378.184 385.724 354.264
417.24 432.055 475.353 461.174
548.919 188.003 473.357 173.191
171.935 282.407 173.258 304.367
345.931 473.789 323.581 458.64
700.597 324.388 670.599 324.027
271.009 401.971 240.657 408.278
620.264 153.415 613.598 195.895
736.941 537.801 734.845 570.734
304.925 374.478 329.509 387.879
637.902 494.237 622.62 511.426
141.075 397.982 114.158 415.288
326.605 530.119 290.731 533.136
549.44 493.68 555.847 433.016
96.7335 331.854 120.164 323.136
165.107 425.772 143.112 426.215
19.3055 339.938 42.3265 327.854
65.6409 336.46 87.0906 331.571
186.006 348.945 165.298 352.435
622.681 389.76 617.794 420.373
747.536 362.974 766.532 374.072
58.8518 416.969 86.4437 408.042
97.3843 428.207 76.0717 446.366
183.349 302.841 179.447 258.01
521.853 370.429 518.246 393.144
548.912 554.556 521.563 539.959
75.7768 307.089 50.8261 327.125
193.511 492.417 185.286 472.012
188.773 385.476 216.135 367.027
227.093 379.882 212.459 394.943
232.843 412.783 205.757 419.88
759.718 405.632 759.883 425.631
206.901 507.64 193.646 492.664
724.111 411.394 707.6 428.812
262.897 314.105 261.927 288.123
732.404 382.719 701.932 372.948
87.4162 405.014 142.196 393.387
314.988 508.421 308.652 484.237
674.771 334.976 711.631 347.715
91.0734 453.751 113.57 448.964
262.089 443.432 248.449 470.152
403.633 482.044 382.128 496.658
597.584 402.783 620.682 386.959
697.237 441.41 682.946 456.798
683.788 561.136 685.279 538.184
256.465 313.593 256.726 280.594
393.933 155.624 399.237 112.952
57.8036 364.898 95.7453 362.792
96.9591 362.278 124.593 366.79
236.313 339.709 267.725 355.146
33.1535 349.522 4.32837 352.702
287.486 313.11 287.659 293.11
39.6021 446.871 7.76337 455.548
321.72 353.621 319.709 300.66
474.823 558.511 494.354 570.658
552.975 164.777 558.859 187.012
656.566 359.813 652.376 384.46
124.319 503.894 100.156 515.942
200.502 455.369 222.875 440.255
465.658 407.224 467.833 369.287
127.149 325.144 108.851 339.078
727.92 332.91 753.345 338.345
157.371 461.449 122.41 473.561
409.377 350.887 407.841 416.868
51.7774 308.75 31.7897 309.454
155.036 498.236 145.315 517.973
205.972 421.143 183.014 422.524
181.192 310.298 200.864 320.147
734.162 329.876 714.291 327.619
124.822 361.941 104.104 358.511
233.565 169.442 211.97 195.703
410.625 398.125 410.625 353.125
138.458 448.027 160.744 442.34
177.547 303.941 174.084 253.06
221.24 522.04 242.113 515.091
41.5436 362.236 23.4174 380.875
124.887 364.779 146.887 364.604
279.634 247.486 388.208 285.388
47.1022 509.152 62.8329 487.208
88.9698 383.13 56.611 372.693
253.315 478.047 262.028 455.685
266.335 281.493 286.907 289.291
561.672 381.765 562.669 361.79
629.063 206.28 637.923 158.088
28.8814 427.666 56.7684 416.606
272.516 479.997 257.407 497.339
384.116 416.8 407.522 428.121
683.681 352.169 662.869 354.968
142.66 518.611 130.684 539.409
420.584 512.853 439.335 501.346
551.384 176.181 532.02 181.185
556.707 429.733 561.021 382.931
669.189 310 699.285 320.875
47.8302 548.018 71.9388 538.283
617.561 420.683 595.821 436.694
678.086 508.237 679.223 528.205
272.683 359.263 290.9 367.518
284.414 568.927 304.406 569.47
638.002 324.959 633.537 354.625
4.41144 434.164 27.1515 426.49
418.278 295.726 437.132 302.399
672.27 282.22 667.895 306.834
351.141 535.783 366.927 521.934
395.78 287.506 415.628 294.365
202.987 238.113 185.127 229.113
335.162 530.113 354.675 519.951
78.5169 359.005 55.5414 360.067
466.054 531.882 464.93 511.914
633.203 357.683 627.286 393.193
133.799 476.655 160.819 466.123
102.871 358.557 81.8711 358.598
515.131 480.758 542.211 493.671
121.792 287.54 141.051 282.147
571.102 189.014 600.52 194.9
610.767 219.064 613.559 199.26
378.443 110.33 381.603 90.5815
493.547 317.081 471.784 309.641
60.3223 478.56 43.1578 499.402
540.228 332.783 515.582 324.503
636.625 225.508 645.09 179.277
645.419 192.731 640.054 224.278
4.53207 300.625 4.51655 257.625
435.996 297.726 415.334 290.17
4.33055 81.8742 4.74376 57.8777
4.47003 255.625 4.47165 109.625
106.001 280.044 77.8451 286.99
4.39581 106.875 4.51013 84.8754
445.797 40.8755 445.676 66.8752
4.69522 1.37547 4.61074 49.3754
5.06207 545.886 4.56288 566.879
206.898 206.832 226.624 182.918
445.021 109.857 442.328 130.684
743.955 210.581 765.625 214.375
