301.375 572.997 79.375 573.105
400.314 317.871 400.445 356.871
551.125 572.483 438.125 572.582
747.124 572.47 673.124 572.635
2.50191 571.625 2.39867 0.624905
331.37 572.714 304.371 572.554
538.821 277.262 536.21 313.168
613.875 572.506 551.875 572.516
409.375 572.489 364.375 572.497
436.623 572.494 410.623 572.387
392.481 360.631 392.178 320.632
529.317 316.339 532.122 280.449
593.581 291.197 595.762 264.285
678.539 572.024 625.548 571.05
322.586 367.714 324.357 410.677
187.896 503.037 124.736 525.394
213.45 367.904 223.211 443.276
224.361 490.657 194.052 500.921
269.387 321.015 265.772 298.301
266.392 297.218 232.911 230.105
357.85 105.785 361.417 155.658
548.249 274.594 542.853 334.35
50.8987 377.521 108.363 364.149
412.358 312.867 411.811 381.865
559.09 172.88 520.506 178.57
367.613 360.127 366.051 313.152
85.1375 485.72 75.8342 468.015
487.758 281.169 485.863 333.134
320.99 344.714 322.201 365.678
375.349 436.511 290.708 467.104
342.518 331.191 343.628 353.163
516.034 166.421 555.751 161.679
658.11 328.921 601.086 350.588
409.734 382.056 385.196 390.65
37.6222 572.772 15.6255 573.155
428.206 223.203 407.968 228.807
530.538 377.492 473.496 399.104
107.926 530.343 85.0186 485.899
364.431 311.388 343.179 317.078
74.3646 462.129 64.3002 438.156
63.695 437.781 37.7051 381.492
343.362 354.385 343.648 379.383
223.791 187.868 277.567 294.025
322.742 412.936 299.07 420.978
602.226 249.451 598.214 294.271
468.498 401.005 374.998 436.473
257.875 478.614 223.894 490.5
221.503 445.235 197.497 452.214
391.051 156.378 370.264 159.363
77.6253 573.137 45.6257 572.979
376.503 151.519 372.249 106.721
490.803 244.935 578.27 223.725
162.073 395.808 159.151 372.994
418.001 262.4 443.362 256.674
569.961 127.893 519.329 133.99
624.797 290.976 684.008 315.27
169.252 434.238 166.426 414.439
243.723 422.649 265.667 415.76
444.598 256.162 489.337 245.466
193.158 240.16 195.718 262.01
618.521 374.555 584.641 362.384
643.174 371.82 671.371 395.776
678.572 439.429 659.959 421.276
174.648 460.114 169.025 434.729
383.378 473.531 407.103 499.262
632.02 203.563 583.523 134.977
32.742 310.683 14.3635 320.843
197.121 449.937 187.52 381.609
592.418 353.784 552.068 368.65
20.3065 330.764 63.8968 313.189
383.919 86.7028 356.974 88.4259
377.994 272.062 399.415 267.046
600.889 351.305 642.686 372.799
660.434 505.472 683.108 521.898
671.699 395.537 689.33 406.945
742.016 430.446 721.591 425.562
20.6897 301.004 50.5487 303.909
568.219 552.29 567.299 529.308
511.369 455.075 517.891 476.086
187.438 380.394 213.584 373.658
568.586 443.075 547.498 429.646
639.309 438.933 612.88 444.449
723.29 433.304 742.636 456.233
389.688 542.188 365.758 563.433
566.451 95.1275 567.071 123.121
633.469 535.152 600.109 524.562
646.38 391.687 620.617 388.187
457.082 463.358 431.633 458.034
557.628 409.941 651.955 421.204
697.514 510.014 677.314 486.498
693.295 343.647 678.636 365.121
476.453 547.418 454.467 531.746
515.736 476.287 479.581 468.428
591.688 467.096 611.657 478.507
298.942 530.863 274.342 539.278
460.072 432.117 449.9 410.379
486.93 416.202 503.063 437.853
686.584 319.152 660.192 331.169
65.0585 312.62 91.7534 308.573
137.318 413.738 168.884 456.312
588.66 454.474 570.621 441.881
683.623 547.272 660.623 547.13
507.417 506.464 526.686 514.811
576.827 379.252 541.477 386.06
35.2287 533.032 12.1772 545.058
481.607 332.746 460.761 339.779
683.932 478.948 658.035 476.631
319.84 283.788 355.268 277.395
656.083 431.217 637.194 437.791
652.233 345.568 682.061 342.353
418.385 525.595 394.815 536.569
478.623 469.714 457.568 463.338
747.803 411.861 766.484 421.452
612.3 444.681 593.78 452.231
630.788 491.621 652.31 502.245
145.568 544.891 125.586 544.048
395.42 445.659 377.219 437.37
477.528 495.11 497.817 500.528
673.366 506.584 645.341 491.141
384.556 314.957 417.077 305.038
406.983 498.402 418.325 517.253
116.367 366.844 118.085 386.771
511.297 137.742 452.729 144.874
697.79 566.32 699.077 544.358
729.904 351.602 750.717 348.808
20.598 386.173 31.5472 364.816
293.235 478.832 261.922 494.469
430.721 458.608 412.138 451.214
52.8991 329.474 37.8915 344.164
102.536 297.316 77.8082 300.997
51.3011 516.635 36.5858 532.99
122.408 544.436 97.8163 548.939
224.85 542.738 203.189 520.562
599.849 524.177 566.851 524.511
453.239 349.905 426.605 358.541
711.984 320.991 693.028 304.691
40.978 474.388 41.6653 504.38
199.271 334.92 224.191 327.505
293.068 291.315 318.174 284.559
260.624 515.391 236.801 512.481
244.65 550.628 275.621 549.281
93.951 549.917 47.5492 562.2
186.21 270.64 144.179 279.717
217.127 512.051 236.445 517.229
586.461 133.623 586.935 95.6258
260.972 492.258 228.049 494.521
305.781 164.283 274.137 169.039
37.2592 344.094 13.0419 350.301
207.56 197.359 195.481 228.069
337.755 567.874 335.653 537.947
314.316 475.83 294.714 479.801
395.557 547.531 410.871 534.668
616.152 472.753 595.919 464.113
727.799 337.87 707.926 340.124
65.0661 550.736 99.7733 522.093
143.361 279.74 109.238 287.523
456.853 342.85 457.379 321.856
232.867 325.148 266.883 316.909
298.735 171.654 225.754 183.894
578.872 135.377 578.669 79.3776
339.145 159.797 319.24 161.743
598.125 529.679 621.004 536.928
41.3553 560.809 62.5212 549.495
215.873 243.563 239.726 256.212
290.178 467.473 258.978 478.224
569.54 408.518 546.838 400.733
667.003 303.426 642.936 293.588
489.628 333.04 490.971 288.061
155.571 346.171 183.66 338.959
59.1992 292.967 39.4116 295.874
744.909 330.035 718.805 313.313
603.384 392.452 624.363 393.399
4.37302 259.375 4.46155 32.375
120.295 313.012 105.965 299.06
550.259 369 531.888 376.904
224.654 425.318 221.605 400.505
198.726 270.355 241.905 299.331
4.41085 303.125 4.51424 269.125
550.689 295.276 551.784 274.305
4.62874 29.3844 4.36539 1.3856
603.517 279.96 606.027 248.058
132.546 362.349 136.843 381.882
462.829 343.281 489.329 334.24
446.133 43.3811 445.622 64.3749
