618.879 147.937 581.124 131.946
638.541 178.873 617.815 171.496
309.221 22.3112 247.288 -0.496195
155.96 11.975 59.9613 152.276
286.14 199.691 241.267 189.57
55.17 159.993 25.5729 205.16
241.57 201.445 235.075 174.208
330.148 4.08166 310.011 26.3185
631.841 175.234 614.042 153.62
595.11 117.105 330.237 4.03405
158.937 126.193 161.061 104.296
194.307 342.363 194.8 299.366
258.677 342.623 257.76 300.633
550.347 143.312 309.737 55.8779
471.121 307.959 392.132 295.277
263.415 471.874 263.311 441.874
150.993 353.097 151.613 313.102
262.28 302.382 263.49 344.364
313.384 476.926 244.385 477.346
46.0146 206.214 8.03478 260.191
132.304 89.0824 78.9793 161.584
470.341 473.362 394.382 475.85
459.486 173.365 463.6 197.01
90.6556 220.156 62.9691 251.738
437.847 158.209 456.958 164.106
268.129 472.931 288.129 472.859
294.39 472.97 314.387 472.655
294.603 175.995 296.516 216.95
409.516 443.632 411.566 470.553
60.4606 248.925 65.8803 220.436
616.226 170.084 551.058 144.521
573.89 126.727 535.181 110.429
387.534 61.1638 407.128 68.718
395.338 142.822 418.375 152.531
636.816 335.209 588.436 327.441
422.503 64.7958 355.53 38.3657
461.946 196.663 396.507 178.177
324.519 343.365 368.261 348.126
154.885 310.877 154.052 351.868
164.092 478.076 165.017 458.097
199.873 300.123 199.793 343.123
299.451 286.481 302.876 349.389
454.301 211.896 398.715 199.276
60.4835 177.382 43.7435 201.062
617.846 254.711 567.087 243.423
267.112 444.864 267.685 471.858
277.841 200.875 277.831 226.875
284.219 343.609 283.244 305.622
415.124 351.879 413.52 331.944
624.063 242.815 576.651 230.444
141.684 132.441 143.224 89.4682
507.244 282.338 500.76 241.853
429.629 469.342 427.361 444.445
488.503 241.262 495.277 280.685
495.673 179.627 499.825 203.266
18.2649 300.753 3.25593 319.48
465.152 291.4 401.072 280.496
450.377 469.279 447.579 444.437
302.338 354.789 275.482 352.011
404.01 243.827 379.286 247.528
429.797 246.977 470.822 255.978
580.124 208.139 620.14 220.897
237.115 341.139 256.985 343.415
298.005 283.218 227.982 271.48
74.6496 158.683 113.349 100.353
177.487 302.626 176.318 345.61
282.757 303.351 262.965 300.474
511.389 209.467 480.856 199.889
234.681 179.856 235.342 201.846
430.608 444.502 432.964 469.39
128.361 46.1167 0.576092 5.77994
252.488 84.2275 220.51 76.0773
256.688 299.602 236.877 296.86
407.841 470.365 406.245 444.414
9.05722 420.368 12.034 389.511
596.488 288.779 634.652 296.807
526.794 292.096 491.492 285.042
616.176 316.601 589.275 314.294
33.64 424.186 10.6495 423.523
77.1084 376.577 55.9294 389.86
120.919 355.042 118.875 391.986
166.946 92.3475 167.771 69.3623
123.873 237.898 135.371 217.979
544.027 208.871 537.51 175.501
292.716 130.029 226.657 110.096
632.089 466.777 608.115 467.914
13.4462 388.555 39.4134 389.86
602.529 443.362 606.013 463.056
638.134 321.024 617.459 317.345
73.0284 170.559 52.9896 198.026
212.876 348.365 168.071 352.55
254.842 115.588 254.173 90.597
354.671 32.1245 425.214 60.4014
450.765 444.484 453.502 469.333
445.567 72.4326 506.686 97.3379
104.078 314.975 83.0872 315.595
168.626 386.105 141.87 394.36
210.536 343.288 180.653 345.943
430.042 138.221 360.738 115.285
156.285 354.175 128.213 369.536
226.929 271.603 159.354 279.187
292.274 333.102 289.911 283.159
597.121 208.54 619.221 214.908
175.342 164.492 173.632 184.418
542.549 372.181 574.444 374.783
587.214 314.797 561.858 320.549
1.18357 8.43785 128.018 48.4642
227.997 155.484 165.702 164.888
376.878 84.8372 577.033 157.69
143.211 477.846 144.018 456.861
397.771 348.475 393.956 310.667
177.851 439.685 123.083 455.48
158.567 130.062 139.011 152.812
120.104 453.524 121.903 415.567
226.929 111.124 166.714 120.884
308.208 252.348 298.473 234.878
360.442 153.706 357.346 116.835
170.806 280.13 170.723 303.13
177.105 182.135 170.511 209.347
304.108 388.231 229.319 382.627
533.076 104.776 576.344 123.127
125.952 258.414 124.103 289.359
264.017 227.567 236.674 221.537
343.885 394.314 312.94 392.462
376.703 307.311 380.252 348.157
580.681 230.262 546.658 238.474
175.588 474.848 176.233 451.857
297.8 235.095 263.754 226.98
210.189 222.232 170.59 227.88
37.2038 392.165 35.4322 423.114
13.9502 433.518 41.9031 435.141
234.29 347.045 214.311 347.944
432.557 318.635 437.002 354.359
462.024 355.409 457.767 320.669
503.358 203.278 499.549 180.596
603.079 403.607 568.096 404.702
136.655 179.477 138.296 149.521
161.361 229.07 139.86 248.53
35.9596 207.361 57.5185 176.068
186.133 17.772 364.314 80.7972
302.945 151.977 293.819 130.865
376.611 347.61 372.731 306.794
201.341 183.631 201.122 205.63
588.555 191.678 544.148 176.279
360.913 231.129 357.655 199.295
566.16 403.845 539.206 402.269
599.599 376.866 629.457 379.792
588.361 321.631 637.839 328.839
160.835 198.664 159.173 225.613
180.453 186.151 179.268 208.119
203.352 82.8635 203.067 111.862
40.2595 376.396 9.29058 375.008
73.282 323.747 49.6176 342.186
234.133 220.225 208.159 221.392
196.534 204.841 197.132 181.849
424.831 198.103 458.668 207.05
480.801 400.9 400.879 397.371
443.218 319.713 447.421 354.46
447.091 297.338 471.845 300.838
131.067 174.937 129.758 196.898
291.363 101.178 292.619 128.149
384.302 358.727 386.567 390.647
292.765 172.859 228.878 156.291
345.352 14.5821 485.783 72.7438
615.427 369.78 609.657 339.322
363.887 349.806 328.063 346.25
618.67 217.641 624.857 240.83
217.603 340.124 217.66 298.124
48.7071 430.945 51.8178 403.119
370.302 337.47 365.81 296.717
623.516 339.921 630.516 372.17
227.362 382.562 170.545 387.134
474.43 264.888 477.85 290.661
274.015 95.8705 274.974 121.853
46.3788 403.192 44.4439 433.129
285.195 75.3072 230.274 56.6575
361.24 198.983 365.451 225.652
524.211 399.069 494.229 400.093
308.037 55.9312 195.901 16.0967
276.875 123.125 276.875 98.125
386.04 64.9707 420.451 78.5667
499.873 168.053 506.472 205.476
354.996 176.208 351.034 119.346
593.739 258.513 598.233 283.105
151.752 127.839 153.136 101.876
133.57 84.7044 183.732 17.3266
111.348 382.381 112.643 354.411
145.582 320.199 143.776 358.156
172.629 63.4097 145.919 97.1084
329.073 350.908 330.891 386.862
444.44 354.301 440.042 315.549
346.911 446.293 348.872 478.233
141.141 358.827 142.499 321.852
155.744 457.33 157.225 478.277
198.627 111.824 199.658 81.8417
286.477 192.417 294.442 211.848
570.672 237.408 620.835 251.108
131.779 246.512 136.239 227.015
221.345 78.5335 251.809 88.331
142.61 192.807 140.824 215.738
313.776 26.3895 330.078 8.77597
328.426 447.644 329.157 470.632
373.023 358.73 375.399 390.642
392.787 444.527 394.931 469.435
440.763 314.522 460.597 317.092
602.861 438.681 531.865 438.085
167.528 209.459 174.604 184.44
100.356 421.194 70.4647 423.749
414.912 73.6567 390.573 64.5143
543.566 471.06 515.587 472.126
486.034 104.34 544.562 127.655
40.111 455.454 13.1146 455.014
82.6489 284.375 68.1384 298.139
146.715 196.48 161.682 180.357
373.739 304.232 394.375 308.122
577.962 159.298 610.603 171.931
57.5614 312.229 83.5058 287.271
124.675 399.108 125.184 378.114
430.796 225.978 432.065 246.939
577.797 138.773 603.111 148.162
306.247 342.546 304.65 295.573
241.363 255.903 204.383 257.108
285.04 290.755 287.434 325.672
491.105 286.1 482.634 231.757
196.484 67.0829 218.149 63.2625
279.647 96.9289 280.199 116.921
301.028 268.18 241.949 257.706
314.412 447.207 315.877 478.172
134.974 217.617 135.082 190.618
376.709 358.735 379.135 390.643
388.039 359.979 390.543 391.881
487.366 73.4833 590.725 119.149
125.028 376.675 129.542 301.81
136.292 46.4105 156.96 16.9349
476.324 159.545 498.164 166.756
161.777 260.585 131.668 285.373
489.812 199.257 485.773 175.6
103.695 196.305 101.856 218.228
131.505 281.041 130.183 258.078
141.009 164.941 167.318 133.496
385.378 186.851 404.519 192.65
527.977 447.048 530.947 466.827
14.2428 256.152 106.507 131.602
314.026 67.352 216.612 33.8895
385.503 477.398 381.171 425.579
360.698 108.808 432.681 133.187
109.63 128.927 137.34 90.9645
257.877 92.6574 258.506 115.649
369.959 300.073 373.392 346.947
512.325 110.453 531.964 117.891
523.296 178.976 529.186 209.412
23.0857 324.919 20.5899 345.77
53.0003 405.602 75.5131 392.595
219.942 120.542 174.478 127.545
64.0168 151.484 133.815 48.9933
299.406 274.002 224.526 261.003
299.848 220.349 299.29 189.354
591.498 368.526 585.089 339.219
204.181 257.988 160.467 262.992
163.547 150.412 140.01 176.316
236.118 309.381 236.437 339.38
500.985 358.833 495.155 319.26
511.141 446.122 514.005 466.926
557.876 133.046 576.513 140.305
607.233 261.071 611.811 284.63
71.4166 294.99 74.7546 263.165
172.031 344.018 174.67 288.08
222.813 262.083 159.241 269.474
534.037 118.825 529.147 99.4324
534.491 326.096 540.995 365.564
227.39 140.598 164.152 150.444
519.892 241.198 529.056 293.4
117.017 188.993 119.199 168.107
466.601 357.871 499.471 360.793
150.071 215.938 149.201 236.92
167.753 270.929 224.393 264.53
42.8477 457.219 41.6307 478.183
69.825 426.238 49.6275 434.96
226.285 263.896 298.233 276.245
245.635 439.318 310.632 439.942
95.9087 380.039 97.5913 353.092
177.272 208.061 178.266 183.081
530.516 437.364 510.707 430.391
543.266 170.82 590.364 187.607
615.907 285.133 609.793 256.785
158.387 270.558 130.867 292.183
233.894 123.872 285.812 138.721
496.075 132.574 459.483 119.083
570.034 286.452 564.772 263.036
154.899 365.044 130.822 377.263
220.015 357.156 198.097 359.046
289.327 241.408 234.378 230.61
325.358 58.0225 318.324 39.3003
347.48 121.564 366.006 345.8
365.456 357.405 367.158 389.36
617.824 174.646 638.196 182.95
174.302 130.838 221.722 123.4
364.39 84.9548 315.311 67.7718
563.468 367.179 589.369 369.44
118.125 428.936 115.072 476.84
140.589 155.769 161.767 131.78
365.871 295.589 366.313 270.593
460.295 318.238 465.102 356.94
602.778 341.131 608.896 369.478
51.3014 336.826 53.7472 306.926
157.003 60.7241 136.765 86.7895
270.346 393.843 209.402 391.241
259.621 281.241 279.353 284.506
509.915 175.708 515.107 203.223
566.849 255.926 573.404 282.118
576.626 313.013 569.226 286.009
610.307 175.12 495.108 132.007
552.821 368.436 531.913 366.471
236.105 166.547 271.044 175.221
313.416 469.828 312.324 446.854
393.626 441.455 465.626 441.72
510.998 466.428 508.048 445.636
133.533 150.288 131.621 173.208
227.275 388.51 298.097 393.517
483.298 153.742 520.48 168.492
66.3893 366.554 68.2584 345.637
157.114 347.867 157.31 326.867
220.187 230.255 170.572 236.452
164.021 393.731 226.81 388.584
295.985 159.107 228.497 140.525
298.196 276.541 309.275 293.191
380.635 280.008 378.093 253.128
389.161 347.701 385.568 311.881
516.41 90.7148 491.405 80.5285
525.711 205.103 520.862 180.578
192.773 359.56 166.859 361.674
179.216 115.1 181.257 83.1654
221.831 147.348 165.484 155.954
233.397 233.625 289.392 244.286
223.685 351.268 299.378 358.088
486.963 77.468 458.96 66.7037
123.552 324.498 120.563 359.37
207.768 431.816 188.028 435.032
634.936 371.965 627.432 336.756
218.728 57.3054 178.332 64.317
199.802 362.59 220.748 361.079
197.134 435.974 243.125 436.878
228.116 115.472 291.487 133.911
354.357 123.841 357.494 155.687
372.08 478.101 372.785 458.113
632.55 238.944 626.878 215.624
166.76 364.807 195.687 362.742
378.169 441.297 380.886 478.198
458.262 66.9679 329.774 13.9372
484.293 231.222 519.093 240.441
587.922 121.977 517.196 91.5334
123.014 301.125 122.958 323.125
458.468 118.471 372.839 87.6695
163.674 157.174 136.488 186.517
166.721 159.363 219.148 151.594
178.518 169.043 217.068 163.133
294.812 164.318 241.679 150.109
288.667 362.077 251.827 358.639
357.864 190.374 357.964 164.374
369.331 358.469 371.07 389.42
373.392 390.007 370.947 358.1
158.693 266.776 223.261 259.301
396.074 312.509 430.705 317.578
541.905 232.804 549.555 251.283
88.431 474.79 90.3348 446.855
133.304 406.404 161.851 394.318
497.465 319.44 533.112 324.467
596.16 0.326384 638.231 25.4476
43.8579 333.089 50.4688 290.601
307.549 419.821 250.619 417.004
285.231 135.552 234.298 120.893
388.009 312.323 391.006 348.198
389.907 219.091 392.461 241.949
169.273 125.024 228.489 115.356
388.078 241.699 383.135 213.123
171.262 239.969 220.822 233.351
241.73 153.922 292.989 167.392
371.063 180.219 369.479 153.266
159.338 241.024 137.263 259.831
162.38 396.937 135.656 408.2
237.648 227.118 296.454 239.032
308.268 300.187 310.238 343.143
637.763 22.3013 600.794 0.340928
97.1644 289.398 94.923 313.294
126.903 224.012 104.367 219.413
134.251 258.743 154.168 240.514
236.058 361.098 291.894 365.38
241.353 261.162 299.462 271.38
135.548 303.375 135.746 359.375
121.22 163.441 119.36 189.374
147.046 102.546 144.137 144.445
395.405 360.993 397.826 391.898
328.845 387.317 327.054 354.365
93.93 393.702 92.1468 420.643
138.771 95.1719 114.142 127.95
614.826 349.878 618.688 370.52
310.473 353.152 312.096 388.115
560.646 231.286 556.591 210.681
171.827 25.5789 137.95 71.4191
329.605 13.3857 314.085 30.3594
638.152 186.061 617.681 178.004
80.6625 420.35 82.2392 394.397
147.097 413.2 146.287 438.187
196.142 354.139 222.08 352.35
341.65 356.157 343.389 388.111
129.259 198.319 127.667 224.27
142.144 88.6651 164.266 60.2635
166.008 153.374 229.285 143.781
234.22 108.587 235.176 85.6063
230.694 144.533 294.404 161.767
337.1 388.593 335.373 355.638
353.559 390.081 351.723 358.134
324.39 387.351 323.096 354.376
499.506 446.377 502.699 467.133
107.607 135.864 15.546 259.316
158.585 20.0715 139.44 48.1695
131.224 288.94 158.828 267.423
302.915 195.201 305.344 243.139
256.456 34.7989 309.189 53.6467
333.082 387.607 331.346 355.654
380.781 391.522 378.976 360.575
219.802 193.377 219.849 214.377
208.855 269.8 236.813 268.251
231.004 44.5697 291.465 65.5565
274.057 373.972 296.907 376.597
341.139 387.576 339.358 355.626
392.145 391.756 390.099 361.826
395.806 391.762 393.77 361.831
478.639 204.031 513.279 213.832
59.6436 394.384 77.725 381.851
135.814 52.4096 96.3754 109.027
377.115 390.582 375.351 365.644
454.46 348.363 450.911 320.588
16.3764 457.808 39.3708 458.316
100.661 185.327 119.71 162.15
119.95 341.547 121.196 320.585
137.233 182.51 164.654 153.388
162.131 275.424 206.846 270.366
298.252 104.94 299.723 141.911
320.592 437.89 245.619 435.843
365.465 390.039 363.293 358.114
514.644 432.417 590.644 432.944
63.6935 300.056 65.6304 273.125
88.8499 120.555 66.0044 153.389
109.793 350.167 108.031 383.12
165.118 232.829 224.665 225.471
216.751 33.9874 183.92 21.8563
238.856 269.87 297.033 279.687
325.302 356.163 326.947 388.121
337.648 357.173 339.432 388.122
410.708 277.993 407.849 253.157
500.125 441.925 528.125 442.022
160.658 357.699 194.502 354.444
357.501 388.821 355.376 356.892
357.764 358.416 359.628 389.36
361.641 390.044 359.289 358.131
380.496 360.987 383.08 391.879
416.154 332.117 418.518 351.977
535.077 177.309 541.481 210.701
345.547 356.902 347.253 386.853
361.609 359.412 363.424 389.357
399.253 361.984 401.289 391.915
542.87 465.502 540.968 445.592
368.455 87.7517 355.84 105.776
407.066 392.758 404.237 361.888
537.695 168.423 435.421 133.726
571.66 478.144 565.949 440.576
29.7434 203.607 55.613 164.367
137.559 189.263 165.658 159.406
333.452 356.197 335.25 388.146
345.463 388.792 343.582 356.848
349.495 388.78 347.744 356.827
367.043 451.345 369.645 478.22
56.757 384.293 59.9099 344.417
385.44 280.272 382.985 254.388
38.6272 347.438 41.1811 320.559
84.1854 312.33 85.7113 289.381
270.842 18.3852 242.827 7.65387
314.329 388.604 312.877 355.636
389.081 478.131 390.091 443.146
392.706 371.944 394.243 391.885
483.881 178.348 487.182 198.074
550.497 251.272 557.311 283.561
105.691 382.298 107.911 344.362
254.123 59.9377 273.98 66.7713
349.701 358.45 351.642 389.39
369.441 390.524 367.59 360.581
402.839 362 405.102 391.915
488.131 92.4675 464.094 82.5575
531.375 441.823 554.375 441.84
608.456 283.725 604.341 263.132
163.788 133.766 143.04 156.798
353.634 357.436 355.732 389.368
388.36 389.751 386.359 361.822
389.618 280.233 387.271 254.339
319.405 387.351 317.866 354.387
320.477 355.154 322.086 388.115
362.369 438.766 329.374 438.181
88.008 380.268 90.1925 349.344
177.679 82.6649 176.887 115.655
329.624 440.719 355.623 440.878
384.576 391.592 382.835 360.641
457.554 201.78 395.71 185.307
183.754 24.5414 170.617 42.1882
410.048 363.179 412.144 393.106
490.97 290.543 525.382 296.934
485.193 442.701 489.216 469.399
130.86 390.941 156.804 377.984
353.736 106.465 301.574 89.0245
473.174 192.761 469.546 173.093
493.125 447.375 493.125 469.375
118.761 320.616 96.1384 337.115
220.075 293.129 219.653 338.128
231.853 377.16 168.055 382.248
315.528 356.153 317.102 388.114
384.652 176.322 382.978 154.386
398.374 278.98 395.656 253.122
398.139 253.492 400.913 279.344
431.622 393.538 428.989 365.661
451.793 395.02 448.924 368.173
480.69 477.766 476.448 443.025
96.8579 260.651 113.62 244.902
323.734 477.828 321.623 441.89
397.735 176.277 395.25 154.418
161.654 381.843 143.055 389.199
183.125 91.375 183.125 114.375
410.545 393.028 408.008 363.135
424.194 365.246 426.223 393.172
424.591 394.334 422.83 369.396
536.466 362.31 530.897 330.798
76.126 446.939 73.6752 466.789
237.299 403.42 201.685 398.16
388.209 442.147 386.431 478.103
57.5441 168.308 31.5311 206.246
118.419 393.824 116.422 421.753
144.694 93.0422 168.318 63.2782
365.281 478.226 361.828 439.379
308.69 375.618 307.986 355.63
385.363 401.855 344.409 399.904
294.156 28.2721 271.396 17.9284
394.069 279.28 391.591 254.403
129.592 143.074 110.123 132.829
162.004 390.486 211.84 386.447
266.317 403.735 239.347 402.457
33.3405 266.724 47.1929 249.633
112.907 445.243 116.1 425.5
402.859 278.027 400.279 253.161
68.0807 250.369 92.6476 222.701
90.8236 291.913 90.1351 311.901
91.8807 354.404 90.2595 379.351
220.625 85.125 220.625 108.125
234.63 0.262118 273.049 14.5778
284.305 123.6 283.618 100.61
407.18 276.717 404.382 251.874
45.2815 277.454 47.3696 255.553
169.375 321.897 168.784 346.891
347.376 30.2956 327.863 22.5331
332.278 28.0635 349.614 38.0378
447.937 247.147 444.637 225.396
139.375 339.125 139.375 318.125
361.585 126.934 363.153 146.873
124.266 228.136 91.916 259.417
215.156 385.255 258.125 386.88
273.062 380.569 228.162 377.567
587.479 95.7167 638.064 121.992
44.2674 306.742 28.1227 323.123
283.779 66.8419 250.683 55.4578
605.875 440.7 626.875 440.746
67.952 275.758 65.9403 295.657
127.652 149.025 112.519 166.345
190.532 402.159 162.886 413.807
402.199 252.347 405.117 278.182
376.906 179.338 375.225 159.409
61.1207 228.869 31.9021 264.397
89.6108 349.303 108.648 336.396
130.421 403.387 158.014 391.615
380.843 177.825 379.117 156.896
84.3959 342.696 60.5894 339.654
288.917 403.565 266.938 404.543
499.926 477.685 494.845 443.056
520.102 201.147 516.226 179.491
637.315 119.228 589.327 94.4681
237.136 433.698 213.137 433.394
385.637 205.908 410.803 212.439
386.986 302.603 439.356 310.744
568.098 409.682 528.111 408.723
609.706 102.16 637.97 117.167
278.62 432.325 305.619 432.559
471.87 78.8672 452.956 72.3656
440.39 352.51 437.802 330.663
565.824 251.014 592.001 257.624
429.059 124.103 364.508 102.724
514.874 97.9269 491.922 88.0167
251.804 91.1385 252.054 113.137
471.296 36.8966 526.754 64.618
565.398 171.936 546.696 164.848
