381.105 385.45 333.117 386.501
499.889 267.226 503.541 290.946
428.736 84.4344 431.394 109.293
367.797 167.033 370.935 191.836
507.045 402.117 504.357 378.268
144.775 390.679 146.547 470.66
258.557 382.4 214.287 353.259
339.319 354.382 384.661 379.842
159.784 374.91 144.843 391.058
326.937 127.348 320.457 55.6402
303.808 388.138 261.843 389.828
410.645 73.2474 413.337 98.1021
269.479 85.1464 195.86 51.3625
197.283 47.9551 272.376 83.3108
205.425 215.14 207.503 273.103
470.146 206.046 473.254 231.859
353.001 30.5708 356.745 65.37
443.105 194.222 446.486 223.024
336.622 140.185 333.829 109.311
437.423 118.93 411.117 104.507
391.289 60.9093 394.377 86.7253
305.464 349.347 205.532 345.649
544.775 374.523 516.873 376.849
196.589 133.383 196.403 154.382
69.7512 95.5953 69.9322 75.5961
472.863 383.113 406.875 384.376
455.427 100.376 458.288 124.205
285.352 233.759 287.437 260.678
333.897 282.84 330.762 241.96
502.602 378.114 476.911 382.106
348.812 279.974 339.853 169.336
285.886 219.386 309.15 213.488
444.298 178.806 411.902 165.56
197.205 158.374 197.288 179.373
103.486 389.626 102.946 285.626
276.903 352.954 306.891 353.798
415.672 114.94 418.622 135.732
594.402 245.809 558.269 253.777
68.9861 127.679 69.6921 95.6872
414.717 162.163 436.187 170.412
342.994 350.464 339.87 310.586
197.461 60.374 197.506 89.374
403.616 319.411 375.716 317.049
280.583 160.954 282.242 196.916
273.31 79.836 194.825 42.2986
335.027 70.865 337.909 105.746
403.613 312.292 371.792 308.902
392.538 224.411 369.437 217.906
328.837 207.405 326.55 174.484
336.576 45.3826 332.458 0.571405
469.824 331.47 426.885 329.179
82.3187 315.381 74.9156 295.73
245.36 195.28 206.894 184.309
65.4732 255.879 68.6996 126.921
330.128 109.418 333.307 138.243
427.161 198.394 428.516 219.35
117.985 275.502 98.0971 273.388
390.449 157.739 395.725 194.361
117.258 266.039 66.8357 258.384
132.084 116.875 132.119 151.875
241.174 331.618 240.606 310.626
98.0006 275.802 65.5036 270.062
104.289 99.6541 103.648 145.65
389.848 257.98 387.252 228.092
378.83 311.982 410.665 315.231
467.309 323.769 420.491 319.643
454.288 161.122 446.082 94.6272
331.183 52.3378 326.675 0.533633
452.076 269.645 453.614 290.589
336.006 170.093 346.256 295.675
298.683 263.567 296.693 235.638
103.9 458.124 103.872 433.124
633.275 314.942 627.527 285.498
312.138 353.62 333.125 354.38
103.434 190.132 103.145 248.131
183.191 305.151 183.913 328.139
311.787 246.23 314.399 278.123
377.148 333.226 403.137 333.976
179.695 261.646 177.808 205.678
266.106 283.379 225.61 276.97
306.517 206.849 302.155 168.093
365.832 429.181 362.245 389.342
292.488 131.552 291.26 110.588
389.366 218.607 365.227 212.104
151.299 124.897 151.73 156.894
274.537 203.434 249.49 196.464
447.039 289.361 441.996 239.616
132.285 207.131 132.701 248.129
406.051 89.6926 401.809 61.0046
455.524 218.871 452.258 193.076
385.871 206.349 380.89 172.715
511.619 355.117 490.629 355.746
344.26 296.572 299.507 291.867
342.656 110.542 337.798 60.7789
468.576 129.322 463.315 99.7865
178.658 283.728 119.19 275.751
257.333 336.14 255.838 308.18
477.843 383.525 479.414 404.466
513.6 59.2939 535.58 58.342
178.943 274.579 120.566 266.03
193.81 332.876 192.401 301.908
203.868 246.387 181.787 252.822
455.839 57.6291 478.98 43.7179
309.625 263.839 307.574 236.917
357.573 151.42 379.335 154.645
109.626 101.887 109.258 141.885
268.944 280.028 266.755 258.137
422.754 217.666 417.359 184.096
513.37 57.4429 492.057 68.4757
246.404 310.97 245.722 331.959
320.811 237.79 287.606 230.483
391.601 354.601 355.61 353.788
359.111 0.770241 484.068 87.3184
469.573 97.5628 479.892 166.798
376.496 34.6262 381.543 63.1837
482.071 89.8573 347.5 -2.11816
100.569 298.046 76.972 282.973
194.534 83.7474 180.924 98.4025
263.825 116.326 262.948 89.3401
329.616 3.37404 333.83 48.1762
152.471 208.908 153.515 251.896
207.533 274.527 188.031 278.96
307.491 313.047 285.637 310.52
338.815 350.142 306.822 349.499
122.531 251.134 121.964 193.136
192.411 334.917 155.507 332.254
476.197 78.7364 512.299 61.514
310.405 339.198 308.66 313.257
103.142 432.135 101.886 409.169
393.441 375.765 353.444 357.428
371.021 69.7307 366.876 48.1249
440.759 106.701 438.274 86.8563
463.266 286.686 459.091 246.905
230.243 331.358 229.523 309.37
376.37 125.307 374.013 103.433
446.778 346.355 425.88 344.291
468.339 34.0211 447.403 47.6839
76.2239 471.123 49.2771 472.818
272.841 127.408 213.387 103.717
315.93 171.489 281.166 158.821
488.36 277.817 485.132 253.026
178.575 162.339 177.233 124.362
263.872 225.492 224.001 215.936
277.486 145.065 319.392 147.87
335.915 313.638 338.81 349.521
412.137 139.947 408.026 109.221
364.938 390.011 368.47 426.842
461.436 187.82 482.775 198.804
232.334 248.121 231.645 228.133
337.56 428.029 358.413 425.553
267.038 256.643 265.062 231.721
425.379 352.579 469.375 353.128
161.953 327.378 161.475 304.383
267.827 174.034 266.64 153.068
240.039 229.686 240.972 250.665
72.4448 283.859 90.4617 294.648
238.442 107.845 236.114 76.9323
92.8989 390.878 92.5347 321.878
104.866 278.274 179.29 287.559
290.326 109.363 266.669 98.5778
424.928 292.747 402.082 290.094
473.438 171.512 469.67 140.742
142.912 110.691 106.153 97.6627
347.713 192.062 349.605 211.972
162.571 211.129 162.9 248.127
255.946 338.12 223.023 335.874
426.577 264.77 424.458 241.867
166.068 122.167 166.567 158.164
342.7 303.462 296.957 298.607
51.6967 38.9262 3.20987 70.7543
101.783 132.009 71.8177 130.564
175.154 327.612 174.59 305.619
441.621 69.2025 476.952 93.7119
469.956 358.851 472.742 380.674
60.4675 280.46 91.2836 302.695
331.162 395.699 329.857 415.657
156.426 12.6514 139.049 22.552
467.374 355.68 389.413 358.089
301.003 288.004 269.321 283.509
375.497 325.659 399.317 328.594
141.263 252.353 140.875 199.355
361.683 123.985 342.425 115.609
154.049 258.788 124.394 254.249
94.9993 300.635 96.9319 475.624
164.994 117.818 144.935 111.6
335.763 -1.06857 439.349 70.6622
370.667 215.836 395.674 222.954
381.279 64.9801 388.468 130.587
68.4089 65.7367 223.587 -1.20213
105.529 68.5811 85.5826 70.0488
122.205 148.375 121.555 104.38
140.696 132.63 140.611 110.63
153.475 335.198 194.409 337.525
281.916 392.17 284.206 412.039
297.742 295.596 344.568 299.639
153.261 299.953 154.157 321.935
187.419 327.378 186.23 304.408
71.9094 132.936 101.87 134.475
98.2832 267.627 180.464 279.265
122.277 256.78 165.758 263.518
349.983 215.339 353.404 258.202
319.566 146.042 334.833 169.514
290.811 301.207 340.519 306.6
480.084 429.178 476.182 404.485
251.038 331.811 249.823 311.848
322.629 240.653 325.275 280.565
475.575 404.25 474.135 384.302
66.1993 264.764 87.9663 267.957
223.78 261.263 221.362 219.333
415.095 109.678 432.463 119.595
137.188 203.378 137.072 254.378
299.203 292.315 236.801 283.66
345.174 162.531 347.558 189.425
612.885 379.459 616.783 403.14
62.0881 445.145 61.7243 468.142
189.88 301.434 168.066 298.574
207.693 356.223 201.466 381.466
232.194 311.897 233.113 331.876
251.306 232.372 252.568 259.343
353.031 282.768 356.09 263.004
69.5552 173.339 169.408 178.762
200.56 179.478 175.836 187.523
177.754 308.376 178.453 329.364
208.165 181.586 228.238 187.757
226.462 0.432007 319.366 145.183
210.233 215.918 211.944 246.871
316.281 145.584 284.36 143.339
360.292 118.424 341.956 110.439
465.131 299.178 439.392 295.503
237.726 140.99 212.221 132.128
166.655 206.146 167.673 253.135
224.962 339.095 256.935 340.396
69.6613 197.877 100.627 199.338
85.6713 72.0049 105.638 70.8506
283.661 341.708 310.636 342.88
306.829 378.942 286.345 359.853
442.876 94.8415 448.692 139.464
164.868 306.131 164.456 328.127
395.658 197.022 397.654 216.922
466.003 303.061 434.27 298.935
304.964 340.847 283.067 338.726
398.575 224.531 402.024 259.36
159.179 159.365 159.322 139.366
427.217 323.978 473.134 326.727
250.295 251.527 248.904 230.573
459.979 224.566 466.49 278.172
162.544 164.405 123.195 152.885
160.566 254.363 159.861 204.368
168.461 176.293 70.6075 170.946
121.848 155.358 162.173 167.101
135.834 27.714 172.551 9.47018
356.047 356.423 406.906 360.211
434.109 150.187 451.956 159.214
220.147 390.67 258.131 389.568
88.7014 296.436 71.8955 285.593
339.09 389.377 339.221 409.376
349.936 188.504 346.43 150.666
345.287 16.2435 375.491 35.8322
211.373 277.51 314.38 291.839
617.577 422.391 614.296 400.637
473.431 370.438 471.255 350.556
255.165 227.428 256.631 254.388
260.079 392.254 264.86 431.967
353.281 378.355 329.529 367.78
610.998 329.312 614.42 352.056
149.691 465.586 195.631 463.247
355.967 257.673 352.392 216.83
49.182 470.367 49.0054 449.368
137.696 23.2538 80.0532 46.0871
352.13 214.318 350.615 194.376
373.991 377.568 340.351 359.897
419.151 410.26 417.481 389.327
482.25 168.443 473.816 108.029
87.2812 46.4722 134.721 27.7517
269.539 427.761 265.498 392.994
286.705 72.2196 302.813 97.5279
595.22 293.202 565.577 297.817
321.28 448.514 348.132 445.689
326.154 416.013 329.897 389.273
403.503 252.497 400.296 220.658
108.833 212.129 108.615 243.128
218.046 403.417 219.356 424.376
250.114 193.8 289.525 205.104
378.886 389.937 381.168 411.818
100.596 196.95 70.6288 195.544
195.288 308.555 223.221 310.498
226.569 309.98 223.923 331.82
208.72 462.778 207.405 440.818
222.701 396.357 245.663 395.05
477.556 106.649 486.236 168.039
228.643 131.38 252.022 140.237
321.816 278.457 319.048 240.558
397.34 194.056 395.467 173.139
408.429 360.381 454.391 358.526
536.404 352.58 515.661 355.851
59.0777 248.859 60.6019 171.875
106.875 122.625 106.875 100.625
482.626 357.617 510.626 357.593
389.292 115.963 381.867 49.3759
572.358 287.566 591.671 282.366
511.288 48.8116 493.133 33.1155
574.227 478.564 623.14 468.197
289.664 254.318 288.389 234.358
388.625 355.625 420.625 355.625
610.679 351.282 607.317 330.553
428.48 302.631 464.236 306.815
60.7567 167.339 63.3612 89.3829
155.94 301.239 181.839 303.535
208.624 238.62 207.971 215.629
354.625 380.747 380.625 380.788
421.079 353.857 393.091 353.03
254.532 253.087 252.857 228.143
373.913 393.768 375.298 415.724
145.938 192.814 120.626 186.871
456.597 170.954 489.584 187.713
216.749 101.578 240.517 112.118
200.777 58.888 256.249 84.2614
381.675 280.667 405.281 284.998
536.686 328.405 512.949 331.94
295.16 0.526114 258.349 18.5813
496.489 243.571 499.742 264.317
637.636 467.892 585.836 479.101
48.0646 245.325 49.6828 189.348
369.717 305.637 395.686 304.376
165.495 255.364 164.039 204.385
302.78 98.2618 319.687 125.431
320.302 151.844 296.765 162.89
107.361 432.871 106.895 406.875
256.921 16.4778 288.073 0.522693
597.16 429.466 623.12 428.038
98.6795 391.374 98.388 299.374
246.829 291.994 226.862 290.863
468.011 272.138 464.44 244.367
56.5128 260.464 0.546447 279.14
53.3878 332.86 53.9417 306.866
264.48 475.097 262.895 443.136
398.389 451.446 395.267 430.679
145.602 471.748 107.974 477.053
551.896 386.749 549.092 361.907
314.036 447.591 275.52 453.718
553.112 181.377 638.152 194.198
345.098 121.194 363.637 128.698
342.026 471.819 310.418 476.812
431.784 447.594 468.035 440.186
35.0531 205.665 33.5204 250.638
105.709 246.616 106.288 190.619
239.498 0.216594 262.999 37.415
355.138 67.1398 372.328 77.3628
563.345 230.181 583.16 223.223
259.122 455.474 220.443 460.461
303.599 90.1629 293.071 73.1587
637.258 191.841 487.955 169.251
575.567 59.3964 525.67 56.1733
51.8324 125.046 52.8857 98.0669
585.104 220.567 560.359 228.551
65.8173 303.374 65.9733 329.373
571.385 422.853 613.203 418.957
5.25629 342.626 5.20569 320.626
39.2959 115.953 37.3472 151.901
62.5226 174.647 61.5989 235.64
142.857 391.808 106.863 392.441
281.243 475.411 303.101 472.911
393.058 473.772 453.23 463.755
508.26 174.457 550.756 181.025
410.632 287.443 430.599 288.577
571.02 417.873 611.93 408.363
115.415 141.375 115.455 104.375
314.212 390.829 317.106 425.71
344.281 364.916 366.698 375.984
56.7179 307.153 55.719 328.129
27.0333 162.447 51.6988 145.37
320.806 415.388 318.791 390.47
246.117 230.636 247.228 250.605
266.562 28.4587 306.401 9.78029
291.028 71.128 318.814 59.8173
363.857 25.3521 344.477 12.9647
10.7176 258.863 12.0706 206.88
23.2749 259.53 49.1061 246.348
14.8857 163.58 17.2053 120.643
285.461 293.064 265.617 295.565
533.708 229.267 496.805 226.586
495.828 374.392 530.653 370.9
21.8364 211.391 20.3042 254.364
429.635 377.743 470.626 376.926
494.115 31.8307 606.945 0.881543
450.903 467.051 423.219 471.244
0.886251 402.893 21.8119 401.127
304.769 241.889 306.06 261.847
601.706 0.0687721 491.769 30.2392
108.654 70.5755 130.593 68.9461
310.551 3.96824 264.558 26.0072
287.366 39.6568 306.715 31.4949
444.211 450.971 344.235 471.181
595.892 215.564 494.359 205.79
8.47423 319.915 7.77483 341.904
490.343 30.8801 454.435 0.554168
204.494 423.86 204.083 391.863
157.171 210.135 158.284 253.121
316.965 245.229 319.405 273.122
423.033 474.067 399.46 478.568
611.767 412.167 570.687 420.917
25.7919 132.163 24.4852 158.131
364.374 443.229 389.372 442.906
534.016 425.646 564.377 419.383
540.967 446.046 515.726 452.284
601.484 422.424 565.649 425.87
564.444 426.127 539.104 431.946
1.16779 362.88 20.8261 359.199
22.9281 252.855 24.1418 201.869
499.036 454.596 590.593 429.258
523.91 279.817 550.775 277.115
29.0375 351.054 0.550993 356.487
301.586 163.244 320.449 154.015
62.6247 71.4006 59.6179 129.323
116.875 105.625 116.875 130.625
160.261 396.901 183.163 394.782
478.788 438.083 520.776 428.809
68.6859 329.373 68.5511 304.373
326.274 368.365 344.491 376.619
47.6089 309.378 47.4972 334.378
58.3083 175.164 56.3986 258.143
159.375 304.875 159.375 326.875
78.5854 460.872 78.0383 426.876
268.684 212.345 235.789 203.748
263.289 23.4207 310.187 0.959953
537.257 430.429 478.265 441.381
18.0862 253.857 19.7795 211.891
261.333 255.365 260.32 234.39
22.3607 157.807 23.6641 131.839
50.7372 96.2491 31.1386 110.102
564.955 422.171 539.523 427.573
568.385 272.006 592.097 268.291
0.48731 264.57 22.0095 260.01
125.94 190.431 149.271 196.056
144.876 210.632 145.47 250.627
494.963 207.977 580.564 216.254
575.505 436.957 544.454 444.693
0.622906 108.352 63.8644 68.0348
59.4246 133.145 58.6428 168.137
297.594 379.692 275.6 379.176
325.545 144.466 270.198 57.6009
343.007 46.2536 341.215 24.3267
374.705 459.52 421.785 450.171
609.814 241.541 579.521 234.952
34.5685 151.862 36.1052 116.896
554.229 466.697 520.617 471.824
532.184 231.537 553.111 233.292
5.68065 124.704 3.41899 165.641
343.118 378.31 308.119 378.545
450.668 0.656591 486.734 30.7938
0.935855 164.307 2.88743 129.362
26.6216 154.828 27.8395 131.86
30.6021 250.607 32.1074 205.633
269.251 55.8689 233.949 0.103558
360.337 478.593 391.983 473.845
536.978 59.0821 571.918 61.1447
637.186 64.0462 579.36 59.5719
27.0905 112.372 5.92317 123.683
472.532 444.092 445.433 451.135
65.0986 93.4079 63.5686 149.387
394.698 477.159 419.29 472.66
475.836 477.936 505.596 474.145
170.117 437.826 148.118 437.629
186.349 456.617 185.651 425.624
220.492 191.513 198.154 196.994
556.628 230.83 535.639 230.181
576.339 61.7074 638.172 66.2269
76.6767 56.8448 96.8363 48.0363
256.384 135.5 219.847 121.86
1.36619 282.435 54.4826 264.697
217.237 244.829 215.604 216.876
251.686 310.675 253.404 330.601
239.428 59.6168 259.348 57.8254
348.832 106.58 343.63 51.8271
503.462 442.13 464.371 450.605
362.886 253.955 359.742 218.093
491.816 34.9637 506.849 48.1544
68.1323 334.636 45.5885 339.195
115.484 238.375 115.498 194.375
253.589 436.772 230.657 438.539
393.574 113.37 386.533 51.7712
162.343 64.242 134.398 65.994
172.259 231.872 171.723 211.879
506.613 471.828 431.938 478.797
39.827 343.336 69.2835 337.651
613.674 450.836 638.083 445.436
74.0996 397.899 38.1104 398.781
200.994 390.065 168.226 393.974
562.125 243.125 588.125 243.125
356.847 188.78 354.484 156.867
596.921 465.9 621.857 464.121
612.182 220.615 638.286 227.517
109.769 40.4063 82.8715 51.246
471.735 271.374 468.291 245.603
590.379 463.98 555.595 467.851
637.675 224.869 611.677 217.583
133.991 68.3882 166.865 65.5138
633.363 432.864 606.789 437.65
587.127 240.501 563.131 240.961
291.078 63.3033 310.538 55.4109
22.1928 282.063 3.3165 288.672
320.875 460.625 346.875 460.625
637.545 460.52 595.63 463.195
523.986 473.152 551.834 470.231
39.9679 313.131 39.1656 338.118
223.952 299.328 261.804 302.675
542.625 241.875 510.625 241.875
167.255 405.64 168.066 430.627
