191.919 425.181 276.899 427.019
414.655 329.125 414.633 293.125
779.552 416.861 780.351 376.87
195.938 400.639 221.992 393.557
542.178 460.739 537.37 483.231
352.401 240.658 355.486 216.857
630.028 446.59 631.467 400.612
445.37 315.266 447.218 284.321
316.13 422.266 368.116 423.507
583.187 184.111 633.034 188.031
631.323 395.372 632.3 374.395
455.357 491.505 434.368 490.837
355.256 289.038 356.435 258.061
24.6158 458.17 54.3891 454.489
550.513 399.846 490.551 397.7
361.137 438.467 258.159 436.409
574.999 498.869 574.468 466.873
670.489 205.113 670.04 173.116
731.895 316.61 732.431 280.615
1.09146 410.13 44.5574 416.965
373.966 289.519 372.219 319.468
32.5462 556.302 34.7413 534.412
395.043 289.746 396.607 261.79
668.14 436.126 668.375 408.127
725.369 418.861 689.385 417.798
259.678 281.374 259.001 314.367
577.501 478.613 644.423 475.361
234.136 453.149 203.148 452.3
777.584 419.931 750.595 419.127
629.165 221.531 584.264 218.541
786.624 341.49 810.924 335.611
114.373 469.164 4.38902 467.299
262.375 436.336 134.378 435.224
503.804 328.014 506.146 288.082
669.394 334.371 669.916 239.371
780.451 364.083 782.198 288.104
279.555 373.637 280.129 350.644
634.807 403.905 633.275 451.88
435.631 236.395 490.627 235.864
553.104 217.432 534.804 146.764
517.216 367.007 434.399 361.516
124.158 392.426 174.414 409.258
322.001 304.122 321.847 248.122
341.174 356.29 391.959 360.959
820.589 372.758 790.604 373.705
718.479 280.377 717.915 314.372
728.112 383.422 725.95 449.386
801.68 290.616 801.53 255.616
432.375 480.82 459.375 480.72
643.396 257.243 664.395 257.46
676.878 374.417 776.866 376.159
748.404 417.809 749.709 386.836
688.247 415.301 689.564 384.33
517.988 541.124 517.946 498.124
454.626 477.8 430.626 477.734
575.635 372.012 630.608 373.692
764.378 254.968 789.378 254.807
803.874 227.781 836.864 228.579
778.729 444.825 779.487 421.837
376.267 344.9 339.319 342.933
429.112 283.529 427.232 314.473
430.758 364.417 520.569 370.244
795.237 256.141 795.531 283.14
301.627 350.882 324.222 355.181
438.872 257.561 401.873 257.857
675.102 456.535 848.07 459.784
233.339 363.628 257.203 371.079
634.035 498.001 578.059 499.661
688.635 257.902 735.618 256.612
23.5393 452.207 0.553621 451.394
45.834 416.7 74.4711 421.273
126.195 309.293 116.233 327.779
790.495 312.602 791.042 285.608
546.624 287.916 481.75 283.875
792.944 243.504 771.953 242.903
816.376 419.868 784.376 419.915
594.296 427.359 594.688 399.362
536.182 492.495 540.519 529.24
805.759 376.527 835.72 375.008
488.815 442.807 391.865 439.684
553.536 559.604 546.083 584.512
169.883 458.997 136.886 458.551
514.37 217.123 514.321 193.123
581.365 269.941 580.003 296.907
474.782 219.115 475.433 183.122
684.181 283.438 692.587 313.277
64.2731 580.332 65.4522 559.365
485.946 286.031 483.832 326.976
614.864 515.854 576.869 516.49
18.2095 434.377 53.1567 436.299
664.12 245.859 643.12 245.779
633.913 189.546 631.38 219.439
238.623 422.346 215.623 422.416
222.867 443.9 201.869 443.642
203.37 459.264 239.363 459.98
154.485 416.676 125.337 395.548
785.18 323.886 784.131 351.866
788.554 272.107 785.623 322.022
605.061 388.627 605.207 415.627
177.78 554.183 179.951 534.301
622.339 298.485 627.184 225.646
280.114 348.013 283.218 273.077
466.18 554.593 463.935 574.466
497.643 197.404 497.303 234.402
635.752 375.859 634.805 396.838
653.927 313.055 651.927 283.121
819.171 275.709 821.126 315.662
63.5204 437.02 84.452 435.326
248.523 397.881 299.285 402.806
803.872 254.74 841.86 253.786
150.322 548.702 172.154 541.469
269.927 365.361 269.761 344.362
471.157 153.497 467.88 224.421
534.317 145.118 526.708 118.172
551.817 193.669 562.874 231.069
535.367 132.273 550.408 190.358
649.191 291.876 649.46 316.874
678.435 396.186 679.68 428.162
769.185 239.768 745.529 243.816
520.901 369.326 551.869 370.757
717.44 346.672 754.404 345.024
783.915 377.654 782.445 445.637
484.081 424.681 449.588 430.612
451.413 532.156 514.367 534.577
835.307 353.924 814.397 355.862
823.594 315.339 822.728 284.351
345.911 243.704 391.892 245.055
668.651 371.118 668.905 348.12
365.407 287.677 350.502 332.252
7.16409 56.5939 8.18661 0.603297
462.4 247.78 425.586 251.493
677.436 343.537 709.311 346.352
398.641 272.47 439.567 274.931
477.403 559.77 471.661 583.072
552.107 170.146 553.352 193.113
403.463 249.97 345.613 245.791
371.621 241.501 350.625 241.851
383.075 478.877 383.109 456.877
118.247 364.848 119.234 341.869
579.65 475.119 580.087 428.12
632.568 370.74 575.602 368.788
546.313 279.979 519.357 278.433
192.55 479.871 192.759 451.872
394.882 415.038 416.869 415.789
499.78 1.42175 498.124 119.41
366.142 294.171 372.81 272.158
613.627 460.819 635.627 460.796
41.5141 446.526 20.3475 437.528
677.626 446.742 675.507 411.806
775.594 382.155 675.606 380.678
498.006 133.628 498.165 195.628
480.385 283.094 400.595 277.286
628.393 240.571 649.391 240.911
49.1113 425.324 16.6259 419.519
283.773 271.872 283.936 241.873
490.779 234.323 490.302 189.325
449.467 275.878 509.288 280.504
406.514 459.233 454.446 461.788
493.233 87.6052 493.763 30.6077
494.022 28.6241 493.994 0.624142
284.618 103.566 288.355 0.633348
430.127 374.001 463.126 374.188
462.144 461.939 488.14 461.494
551.879 442.249 506.879 442.538
847.901 376.005 827.866 382.3
1.41664 457.607 24.4142 457.943
464.883 233.996 468.62 158.088
647.859 474.987 667.778 468.335
668.458 401.621 668.574 380.621
493.152 110.373 493.196 89.3726
394.837 428.971 436.777 431.209
657.359 200.943 656.049 221.901
673.467 301.196 675.302 333.144
34.2812 593.01 32.0925 568.106
361.277 481.604 361.805 440.608
552.293 290.761 549.149 350.679
505.744 186.763 504.248 161.808
338.971 247.834 425.687 254.857
427.435 438.183 464.415 439.38
346.569 258.199 345.022 288.158
369.698 403.888 430.637 406.618
716.868 314.984 696.87 314.712
737.188 256.782 763.175 255.963
9.95815 273.871 10.276 236.872
492.64 373.073 416.777 368.499
761.15 234.72 783.146 234.33
577.443 504.921 639.409 502.914
12.6154 436.934 39.1481 448.639
158.819 427.297 180.643 424.52
366.147 550.757 361.635 574.329
509.618 281.067 550.573 282.984
800.503 122.125 800.529 98.1249
204.381 439.262 229.381 439.112
574.636 360.691 610.633 360.39
613.141 109.005 610.326 83.1576
635.466 330.128 635.555 368.128
442.249 246.302 404.327 243.876
39.9915 396.929 66.9127 394.867
304.194 5.88155 304.48 61.8809
419.323 418.965 394.335 418.218
515.364 239.222 434.371 240.379
450.884 243.43 476.883 243.746
844.364 316.316 824.371 315.777
12.0175 1.37584 12.0351 24.3758
58.6342 454.874 85.6297 455.368
16.9317 486.355 36.9141 487.194
501.87 272.149 545.706 275.934
682.623 420.071 725.602 421.385
316.66 243.472 318.213 274.433
512.052 58.9382 503.029 16.8955
195.023 452.376 195.058 484.376
321.5 310.164 322.897 343.135
96.9209 434.315 70.4497 428.998
363.534 523.461 335.556 522.345
390.566 365.217 355.573 364.524
796.372 120.635 795.73 230.633
479.241 186.414 478.252 234.403
529.89 434.664 551.889 434.434
407.178 241.22 433.16 242.2
845.16 368.816 825.542 372.708
595.196 394.848 575.375 397.511
628.787 396.883 608.083 393.37
188.88 516.372 166.912 517.56
456.302 437.386 394.378 434.324
825.735 470.894 848.182 465.88
113.751 304.46 135.699 302.953
259.618 488.101 252.241 511.988
349.569 341.563 356.957 321.906
518.332 180.626 518.033 220.624
414.542 575.161 418.8 550.526
493.881 242.577 516.88 242.342
60.2545 552.126 60.3616 578.126
400.07 256.81 339.284 251.706
333.669 297.375 332.583 274.401
550.605 367.955 520.633 366.69
306.637 469.113 306.811 448.114
819.953 477.956 678.049 472.673
376.527 356.844 345.64 354.205
503.574 358.75 470.608 357.238
508.581 27.5709 516.877 64.6543
309.664 525.595 330.631 526.765
607.642 390.934 629.305 394.77
194.984 377.379 194.803 399.379
514.53 600.84 519.873 579.5
75.6069 452.76 55.6387 451.632
336.989 118.062 339.419 73.1274
428.438 194.838 425.469 230.716
33.9222 275.213 13.1157 278.057
114.357 514.269 79.362 514.865
192.499 398.623 192.399 370.623
328.041 179.755 331.47 235.65
422.373 409.175 394.373 409.117
460.621 415.235 490.603 416.273
530.134 240.854 553.133 241.091
517.568 64.9046 528.398 109.612
637.433 402.864 638.255 381.88
680.66 478.878 715.647 479.807
779.363 315.798 734.366 315.384
637.737 292.178 636.462 328.155
113.684 337.605 91.7895 339.753
274.065 180.991 253.106 179.687
751.169 371.664 683.202 369.479
339.59 64.253 341.893 19.3119
379.967 432.367 379.496 479.364
756.898 421.936 776.892 422.411
800.586 97.625 800.637 35.625
56.8793 489.666 76.8793 489.645
329.684 242.194 350.629 240.687
747.69 449.876 748.643 421.893
804.978 538.493 831.95 537.266
464.911 374.14 486.9 374.84
571.045 127.696 596.98 125.847
289.069 96.8355 290.377 66.8642
328.994 236.057 326.831 203.128
357.532 318.847 365.709 295.221
338.909 19.6528 335.621 65.5351
163.812 516.985 121.835 515.595
489.012 511.839 490.634 531.773
522.812 432.529 523.96 405.554
560.59 248.897 559.529 281.88
20.625 227.139 40.618 226.609
321.356 119.252 313.009 0.545277
365.389 444.386 364.904 479.382
284.389 295.636 283.755 350.632
343.506 468.727 329.214 486.747
395.174 436.588 418.142 437.81
422.988 232.43 426.055 195.557
708.851 423.252 681.858 422.693
89.2048 490.569 117.103 492.95
647.184 545.439 670.739 550.042
242.822 519.179 211.835 518.312
607.676 366.123 630.658 365.213
165.271 469.977 159.328 492.197
303.369 497.683 320.552 474.322
550.109 382.118 523.117 382.815
208.132 497.42 228.123 496.804
291.893 23.6215 291.86 0.621482
529.261 405.203 528.026 433.176
54.3284 552.633 54.518 580.633
478.759 66.9154 480.117 106.892
624.378 106.976 679.378 106.813
53.4358 601.646 51.6379 550.677
642.22 233.054 649.66 214.489
38.8521 525.619 11.8608 524.931
328.145 534.648 303.179 533.346
499.29 276.632 469.382 274.283
847.263 509.545 799.296 507.756
624.108 509.355 578.122 510.486
671.998 410.718 674.065 440.646
283.954 353.952 282.757 376.921
311.2 105.376 310.003 84.4105
329.376 399.188 349.375 399.341
345.956 352.109 376.895 354.059
660.572 421.406 659.395 444.376
802.638 168.991 801.294 143.026
458.625 516.71 480.625 516.774
601.869 475.056 581.871 475.34
697.659 486.309 745.627 488.085
283.801 188.775 284.856 161.796
652.301 214.761 644.589 233.215
488.129 408.386 453.129 408.25
524.683 493.922 523.945 531.915
41.0494 573.158 47.1578 594.293
61.2337 235.816 83.1781 237.379
785.878 422.54 811.878 422.404
53.5325 490.959 10.6078 488.415
59.9075 459.158 86.8946 459.993
57.0271 309.364 101.915 306.193
289.73 35.6753 286.557 115.612
800.493 31.6252 800.455 0.625209
465.509 357.087 435.58 355.023
323.948 219.635 323.619 240.633
327.101 201.737 325.109 176.816
549.129 437.504 518.129 437.646
477.348 104.031 476.113 73.0557
799.74 487.262 696.828 483.021
843.481 283.21 833.378 264.8
0.203349 439.033 21.5157 450.069
834.995 271.984 843.206 295.597
761.131 488.688 788.111 489.73
5.09328 373.384 4.71393 394.381
672.406 614 678.832 592.959
58.7666 597.312 57.2002 569.357
633.028 142.014 598.105 139.679
309.229 110.664 310.594 135.627
333.939 504.811 361.933 505.407
382.708 452.872 383.331 431.881
393.436 443.375 489.395 446.176
574.619 444.625 574.685 400.625
576.274 301.178 578.399 279.28
578.136 512.959 623.13 512.183
761.049 335.514 718.102 337.661
717.233 480.663 763.2 482.404
156.648 394.448 137.891 387.507
334.418 162.525 336.073 135.576
368.109 482.725 366.88 505.692
740.617 451.967 695.683 449.543
793.002 507.562 663.09 502.849
536.314 290.317 532.706 332.162
91.1559 237.191 153.154 236.686
133.397 386.113 115.174 377.872
577.848 404.625 577.86 430.625
508.893 445.866 551.888 445.142
593.965 332.148 573.496 303.759
198.418 506.592 219.403 507.393
578.835 306.664 596.794 331.932
809.069 47.0401 849.332 83.0246
684.515 584.01 665.52 601.763
514.153 100.164 511.857 74.2658
796.918 35.1184 796.584 103.117
672.212 344.793 673.799 366.736
785.749 427.375 815.735 428.292
284.654 156.857 284.824 136.858
18.9288 237.822 56.9053 236.487
514.352 73.7678 516.551 95.6575
280.807 236.51 279.167 274.474
549.884 98.358 581.882 98.6474
209.892 236.113 256.89 236.56
426.995 253.757 466.834 250.17
144.46 520.509 174.432 521.793
298.726 0.655204 297.511 50.6405
30.1246 549.508 8.12465 549.515
488.123 413.957 453.157 412.408
257.26 579.701 246.881 613.127
86.366 457.711 49.3717 457.065
450.365 560.002 429.376 559.334
712.833 357.488 676.923 354.948
797.586 0.921103 797.105 31.9174
382.766 406.926 361.804 408.189
634.164 295.95 641.599 268.955
774.852 451.347 741.856 451.824
305.952 511.36 361.904 513.677
538.286 348.437 540.814 300.503
132.376 472.893 159.375 473.133
215.164 522.662 243.151 523.493
311.067 142.466 312.637 164.41
520.893 235.419 546.885 234.77
184.336 503.295 164.35 502.567
814.505 276.534 817.127 314.444
243.089 506.17 198.13 504.247
430.326 397.765 409.344 398.648
808.622 424.898 785.622 424.739
312.733 165.686 313.863 185.654
712.305 336.329 679.317 337.208
272.231 244.985 270.425 276.934
699.008 283.812 701.687 305.648
405.081 285.017 426.968 282.786
594.106 348.215 573.11 348.64
766.745 590.167 765.522 568.2
361.091 511.316 308.141 509.003
542.644 534.285 541.317 514.329
778.13 370.537 758.13 370.466
147.401 504.306 179.384 505.351
293.121 280.131 293.768 243.136
575.633 366.533 605.631 366.203
7.47782 244.379 7.04919 284.377
616.585 520.099 575.623 521.827
604.771 418.421 603.69 444.398
695.877 114.618 716.877 114.664
122.947 384.971 152.959 396.075
848.465 77.5717 809.681 42.9324
818.812 309.056 817.269 283.102
12.6261 528.924 35.626 528.981
332.057 208.808 333.315 176.833
586.438 180.005 588.405 148.065
752.613 348.398 720.644 349.808
808.116 449.393 788.116 449.238
127.381 501.003 0.59976 493.555
0.809299 496.342 125.624 503.134
295.557 127.856 294.19 181.839
475.22 56.6236 475.719 0.625842
4.7863 118.525 6.8696 70.5705
314.981 161.803 313.863 141.834
478.721 321.265 416.846 317.331
103.886 239.643 66.7218 290.513
316.448 86.1885 317.978 108.135
296.164 52.1275 295.846 103.126
432.845 154.576 429.421 184.38
764.124 356.727 718.124 356.763
759.403 365.161 779.399 365.521
478.352 1.38189 478.875 59.3795
671.437 384.428 672.276 404.411
820.684 258.666 840.67 259.411
533.413 541.919 554.351 540.315
811.017 91.1945 819.435 133.363
159.112 470.706 133.113 470.415
294.847 0.906391 292.846 46.8629
336.102 532.538 356.85 535.782
577.438 494.815 644.393 492.375
35.7983 534.11 11.823 533.022
49.8739 470.617 71.8726 470.849
293.877 188.129 292.584 223.105
9.93694 142.646 9.42671 180.642
603.858 491.785 581.86 492.098
823.126 449.012 848.126 448.98
12.117 314.167 36.9555 311.33
183.616 525.998 150.616 525.795
324.037 161.606 322.895 140.638
89.6339 263.595 106.549 240.039
791.693 328.224 814.281 323.884
508.139 289.322 533.035 291.603
295.625 244.625 295.625 270.625
682.551 121.4 660.579 120.284
727.601 128.974 705.604 129.332
431.485 320.539 459.424 322.381
707.727 349.704 681.826 347.427
749.934 531.363 776.911 530.26
803.181 49.625 803.103 105.625
75.6622 529.277 95.6472 530.049
643.592 490.207 610.604 491.088
584.009 168.339 581.513 193.214
794.386 526.802 819.385 526.542
273.145 281.214 275.454 244.286
11.0099 28.8869 9.16282 141.872
118.87 410.129 148.458 422.316
686.911 363.541 746.875 365.635
462.925 381.015 442.949 381.982
805.418 106.114 804.706 63.1195
821.132 527.318 848.1 528.632
810.618 453.775 785.621 453.404
473.391 550.846 504.365 552.11
766.962 593.992 766.403 616.985
779.393 323.116 759.411 323.974
743.968 493.08 717.055 490.902
754.438 394.893 754.832 416.889
847.883 533.324 821.888 533.807
484.366 524.447 459.366 524.256
517.558 429.365 517.116 409.37
489.125 382.759 468.138 383.495
677.038 308.849 677.889 286.866
570.386 428.371 571.554 519.363
577.706 531.71 610.642 529.64
604.131 188.719 601.924 215.629
291.267 46.6247 291.278 25.6247
785.682 388.123 820.678 387.541
448.174 284.996 483.104 287.204
530.867 333.099 529.461 358.059
801.934 225.121 802.089 183.121
341.178 232.375 341.158 199.375
390.033 380.513 368.061 379.417
298.162 179.844 299.139 156.865
302.073 188.28 300.422 208.212
440.562 208.921 449.383 226.871
551.625 431.875 530.625 431.875
524.533 618.852 526.079 596.907
663.453 414.354 664.215 394.369
527.625 401.971 550.625 401.826
777.974 492.73 758.02 494.09
769.139 528.107 738.153 529.041
675.489 280.76 673.576 300.668
531.493 669.104 527.39 649.529
847.137 453.793 818.141 453.35
453.586 458.836 405.641 456.536
608.855 525.755 581.864 526.409
754.948 425.128 754.816 448.128
347.689 281.557 349.406 260.628
678.126 319.687 723.087 321.542
9.53939 181.944 8.14881 221.919
281.893 81.9148 280.494 101.866
749.905 386.349 777.83 388.4
33.6291 124.977 75.6266 124.52
234.955 407.219 210.187 403.825
691.801 386.143 725.789 387.062
283.387 35.6536 282.404 70.6399
604.428 222.851 624.399 223.931
757.406 416.596 756.926 390.601
345.332 193.686 344.126 225.663
264.702 417.631 242.218 412.783
487.882 553.85 468.023 551.478
687.211 446.855 688.325 426.886
729.3 288.87 728.896 311.867
831.112 383.55 829.396 404.479
12.8378 110.607 13.7972 55.6149
613.481 94.4764 639.439 92.972
819.82 123.73 813.393 89.3248
758.094 448.095 757.42 428.107
179.728 255.803 193.887 238.964
11.2112 211.872 12.3185 166.886
569.004 308.869 568.739 331.868
604.37 215.509 606.197 190.575
593.708 311.623 593.923 270.623
691.13 415.036 723.119 415.873
301.602 32.6243 301.695 0.624474
558.702 72.4972 580.646 70.9179
785.625 416.875 815.625 416.875
408.778 342.375 408.789 369.375
569.236 335.137 570.233 413.13
408.493 295.63 408.693 330.629
