829.418 0.370541 807.004 31.0565
298.986 472.977 323.523 496.514
350.568 476.216 374.172 449.035
270.486 556.982 222.858 604.105
806.958 30.1349 773.888 68.9601
402.302 412.038 379.937 434.924
434.946 380.225 403.705 411.21
285.268 510.138 264.246 534.263
317.248 494.673 275.496 540.507
772.646 69.4126 721.153 121.157
777.825 47.325 792.194 33.4131
489.988 281.427 513.389 301.76
393.588 332.539 409.802 350.234
262.7 529.88 277.296 514.782
384.29 446.638 356.825 474.325
454.513 252.955 439.921 235.177
515.05 306.828 550.191 272.679
605.296 233.866 631.362 207.607
431.034 282.64 382.946 255.948
367.363 445.472 342.194 463.569
368.246 249.832 414.495 295.504
691.777 154.112 593.71 251.203
454.418 336.44 468.071 321.825
462.001 254.165 484.134 275.871
305.232 469.287 290.585 455.668
448.055 324.284 433.232 308.028
367.691 244.212 429.632 278.916
520.126 265.217 498.636 286.15
467.563 255.9 486.927 235.675
332.304 221.277 312.268 243.606
496.799 284.385 518.786 262.532
578.573 241.364 595.907 223.349
495.081 229.472 512.399 250.187
381.15 428.613 418.428 390.938
311.318 243.863 288.36 256.068
503.673 364.358 483.334 382.114
231.391 569.587 249.14 547.932
381.975 267.618 335.017 221.241
353.468 340.048 306.582 292.188
284.93 526.19 300.41 509.18
707.337 147.543 795.292 61.5635
360.153 461.477 338.945 482.695
428.475 312.961 443.193 329.313
755.074 112.504 774.346 96.5775
252.536 373.067 228.917 348.61
320.754 432.998 335.716 416.869
369.943 368.455 387.691 386.062
247.304 599.242 264.258 585.222
212.413 451.072 194.158 428.538
233.409 348.774 297.66 417.39
511.057 276.933 524.952 291.317
676.5 162.477 691.025 147.311
510.337 202.448 535.201 176.413
334.493 216.696 367.369 248.871
536.667 179.903 521.503 229.643
461.208 396.386 433.816 421.26
597.188 222.732 614.606 200.808
260.379 529.164 240.005 509.957
523.25 262.05 538.204 276.795
535.871 293.682 520.822 308.328
386.723 365.821 371.217 348.834
342.119 471.55 368.024 448.014
551.224 266.792 532.08 285.831
529.666 286.039 516.071 271.37
785.755 92.1526 762.453 111.046
508.345 253.263 486.873 275.623
741.992 87.7932 762.183 68.3948
199.656 430.46 214.917 446.307
508.239 302.604 487.971 283.287
513.118 241.713 496.817 226.938
256.861 489.511 277.498 511.285
364.349 346.31 387.575 371.14
569.421 235.497 537.014 204.278
614.274 196.178 596.406 217.736
532.938 210.61 566.974 243.021
590.873 215.276 572.957 235.476
463.891 246.518 481.798 230.538
679.617 23.1473 657.368 0.148469
444.02 296.222 458.276 311.641
326.11 485.462 341.315 472.469
324.909 283.729 341.001 301.535
696.786 135.639 647.255 89.0499
219.254 544.005 197.341 568.678
307.835 287.021 339.916 321.369
661.206 0.309142 681.408 21.1148
508.387 264.481 490.878 280.895
817.877 58.6304 834.038 45.2184
471.744 288.676 458.381 272.476
506.686 249.16 493.034 233.203
531.114 206.484 542.574 169.206
130.431 466.19 121.828 495.972
483.908 383.918 466.922 399.427
93.9616 528.547 86.9711 549.407
331.596 494.122 348.361 478.377
122.134 495.103 94.2166 527.807
759.129 65.8357 741.715 50.811
436.99 409.49 453.414 394.851
273.375 575.529 288.367 559.429
62.9934 575.366 55.1596 595.924
704.045 33.2467 689.785 47.2706
632.678 206.445 675.772 163.272
753.084 124.197 787.391 93.5527
449.508 327.487 433.161 340.67
581.491 130.728 615.366 95.3232
431.664 356.759 416.992 374.472
170.613 551.809 186.016 534.727
198.154 522.581 216.93 503.178
257.368 461.04 278.432 439.678
217.726 496.775 199.589 475.443
644.68 93.0721 694.899 138.92
54.7109 597.499 42.4589 621.559
334.581 381.679 354.363 361.863
580.588 265.627 563.77 281.316
41.0273 621.711 28.1563 643.144
286.26 265.072 307.528 286.232
381.92 459.361 399.037 443.998
87.6125 548.389 69.5711 567.109
435.027 346.595 451.785 328.044
195.272 578.634 210.969 594.047
480.785 277.664 465.333 263.442
216.499 448.567 253.067 486.931
545.984 166.321 569.707 143.383
144.678 597.473 129.927 612.42
653.359 200.425 683.649 169.904
725.277 155.486 775.392 114.093
121.139 602.012 156.583 565.343
239.194 475.512 224.702 460.313
637.327 216.029 653.164 200.758
670.541 209.558 720.786 168.322
89.3492 635.285 109.294 614.232
304.722 243.317 331.358 217.635
742.571 27.2693 720.597 26.2194
797.321 70.9797 819.92 51.2487
363.012 475.493 381.283 459.929
434.023 424.961 449.06 410.302
289.524 412.58 254.567 375.445
604.925 249.716 619.588 233.315
142.383 418.614 136.676 440.894
354.252 188.959 334.095 216.339
677.494 214.664 705.856 190.901
754.873 105.974 732.948 129.283
372.548 331.57 339.766 296.509
12.5248 656.335 -0.218582 675.482
609.388 572.836 621.312 556.779
267.838 539.775 283.789 554.926
652.79 225.989 617.75 260.242
350.87 244.006 379.549 270.436
377.627 272.639 348.364 245.368
714.094 83.5083 731.268 98.8065
688.055 25.0631 712.508 0.0229137
709.584 192.428 677.58 222.623
773.079 122.294 725.352 160.282
148.465 615.255 128.834 627.238
230.596 659.379 248.493 643.388
723.326 173.811 694.548 195.442
462.398 651.203 472.283 632.676
654.891 59.478 674.826 39.815
724.146 165.27 754.69 141.022
626.195 89.0241 654.362 60.6224
645.906 259.586 661.165 243.738
808.067 49.2118 849.016 2.65859
779.865 128.031 733.609 164.658
205.527 569.547 226.887 590.613
276.676 621.637 309.839 595.863
675.819 191.91 690.135 175.205
707.226 190.697 731.284 171.147
550.782 1.29328 510.357 28.9831
230.557 481.549 216.819 460.662
761.733 147.1 778.549 134.521
642.783 225.176 667.938 198.043
654.173 220.296 669.915 204.929
696.337 181.785 666.092 212.35
815.098 185.354 835.121 168.766
543.663 314.195 561.833 294.224
580.87 191.136 549.007 168.647
215.054 323.959 200.552 344.323
690.07 170.708 648.927 210.158
770.677 114.049 730.839 145.893
243.601 296.854 225.117 315.139
680.112 30.2494 664.505 45.7562
123.3 528.931 146.25 551.232
848.013 7.15647 834.381 23.1299
159.568 393.479 142.535 419.381
635.739 257.876 652.654 243.809
154.846 562.842 120.696 530.549
271.924 268.099 257.117 284.37
549.643 172.327 578.788 193.461
738.464 166.531 761.135 148.447
718.122 167.283 698.989 180.047
650.199 60.7034 625.641 85.6407
375.775 161.343 362.505 177.619
649.19 242.891 620.268 262.601
691.271 197.859 669.151 216.611
773.783 86.5946 759.159 101.665
761.897 157.322 737.893 175.316
63.3776 535.523 78.6273 521.085
338.483 309.245 319.414 293.079
9.06716 584.339 54.0493 547.725
509.408 30.4167 453.291 83.1409
756.978 139.495 775.242 123.926
785.068 50.7109 807.761 24.0652
480.554 144.629 492.471 128.567
742.507 242.791 764.423 225.364
428.985 100.293 391.559 137.82
796.085 142.576 779.647 155.645
731.343 193.673 709.591 209.669
183.813 359.104 161.122 395.631
618.241 255.385 644.378 230.628
782.582 139.588 762.369 155.941
47.7901 490.579 84.5755 464.66
820.912 198.387 837.808 182.782
35.7482 525.395 61.1484 507.623
56.246 470.167 30.1569 496.402
61.0483 506.996 78.1713 493.182
831.751 67.5258 847.996 54.2173
272.312 112.244 285.622 93.4858
110.885 463.068 128.629 450.062
327.497 138.273 308.543 156.07
544.919 216.33 561.573 232.192
0.870005 566.645 14.8867 552.378
