495.71 295.555 468.362 289.544
126.593 173.306 102.118 168.207
233.574 23.0343 196.847 0.670894
169.278 -0.0789064 304.932 78.9604
281.814 316.895 305.767 315.393
320.362 217.387 279.228 204.859
233.603 20.6385 282.25 50.3463
118.601 60.6518 100.455 52.2421
93.0663 49.1738 70.2845 38.8784
285.728 333.919 305.649 332.139
471.354 287.116 495.725 292.688
237.472 335.425 264.393 333.36
126.01 305.676 98.1056 303.359
57.6668 33.1311 33.124 21.8771
307.698 89.8323 145.969 0.00507774
188.83 310.821 166.901 309.054
242.526 111.831 240.316 71.8921
143.794 67.552 142.408 20.5724
281.605 319.396 250.656 321.171
261.213 110.992 259.573 83.04
170.337 79.2835 168.811 34.3093
201.291 0.74206 315.711 70.4842
259.775 338.405 226.795 339.544
35.12 18.7154 54.659 28.8262
92.0107 75.7599 71.6393 67.4531
224.045 104.011 222.149 63.0545
156.045 0.290066 308.091 86.9344
95.2438 136.497 70.5014 128.508
235.337 12.4882 215.922 0.157108
121.722 144.999 101.758 138.483
301.478 139.025 299.853 118.088
310.153 85.6288 160.864 0.207574
201.669 92.8147 199.947 51.851
212.775 0.808066 230.466 12.1236
284.105 124.948 282.17 92.0045
57.8259 124.388 32.1686 115.979
106.569 27.8767 106.969 51.8734
280.647 202.742 320.771 215.152
55.6762 60.9906 35.2303 52.8687
265.155 187.825 263.009 146.881
144.767 128.105 144.338 98.1076
124.987 10.7042 126.24 30.6649
288.405 194.85 286.243 156.911
116.995 55.6077 116.009 5.61743
226.184 157.765 225.033 131.79
96.2313 53.2857 118.277 62.7713
176.06 236.882 176.239 256.881
305.011 200.083 302.459 163.171
172.372 148.84 171.322 111.855
232.637 17.6674 204.578 0.2966
117.984 135.124 117.957 113.124
186.065 265.567 184.635 210.586
273.937 229.273 272.304 209.34
245.584 181.041 244.288 153.071
122.701 301.11 121.844 208.114
204.251 167.863 202.709 121.889
90.8384 32.6248 90.8332 0.62476
448.629 361.18 495.629 361.057
46.2102 316.214 24.2663 314.643
470.191 293.942 495.737 298.785
67.2023 40.0726 93.605 52.0685
80.4434 14.6621 81.5278 40.6395
109.35 223.725 110.466 245.697
195.022 30.3859 218.451 43.805
255.858 84.456 256.787 119.444
279.257 77.1938 300.488 88.3855
279.839 210.953 319.041 222.964
316.898 226.256 279.406 215.518
193.263 362.335 192.157 339.361
319.939 213.078 278.012 199.73
278.164 294.273 276.203 264.337
79.7969 101.138 80.5985 128.126
469.769 315.184 467.48 294.309
291.51 236.484 295.966 314.355
272.224 207.5 268.325 140.613
247.651 59.6555 278.324 76.5136
249.378 152.102 250.36 173.079
186.621 64.8698 187.415 86.8555
239.118 286.17 240.092 308.149
153.789 48.1336 154.343 68.1259
256.27 217.726 254.595 191.78
297.058 367.355 329.52 361.42
495.557 214.908 459.256 195.852
145.296 368.371 141.596 345.671
165.739 275.896 166.411 301.887
459.502 196.929 468.88 284.428
29.1944 22.861 57.4015 35.72
325.645 344.189 375.631 345.372
187.056 306.819 186.04 266.833
191.445 287.279 223.226 291.019
91.9022 131.848 91.2161 76.852
63.4081 309.626 63.4514 365.626
96.9699 267.629 97.0708 295.629
188.99 259.666 189.907 285.65
290.669 258.838 289.176 236.889
284.784 277.13 286.192 313.103
106.812 109.898 107.439 136.891
260.64 305.231 256.286 219.341
8.24562 353.573 13.8265 0.616327
46.5772 356.642 0.598693 355.235
121.642 206.866 121.307 176.867
415.813 168.244 417.357 188.184
125.696 35.3389 126.24 59.3327
466.844 287.43 456.736 197.999
174.209 18.6281 194.159 30.0728
193.511 70.1397 194.641 93.1119
461.565 194.622 480.915 205.09
117.621 110.88 117.424 86.8808
401.46 203.633 339.22 213.384
331.154 361.322 378.145 360.423
47.844 339.109 48.0789 318.111
293.771 313.512 291.086 270.596
56.0361 118.873 56.1674 61.8734
164.961 311.142 186.902 312.753
236.357 89.8712 237.814 110.821
22.8758 315.384 22.453 354.381
218.287 65.1469 218.526 103.146
219.101 253.069 198.183 251.218
390.854 361.552 415.693 358.717
273.239 261.956 275.445 296.886
95.106 139.223 120.973 146.963
56.4701 27.5991 56.7215 0.600289
84.9367 331.37 84.6683 309.371
85.1754 369.868 84.8577 341.87
29.2657 117.398 55.8718 126.122
265.991 136.029 269.566 201.932
453.531 371.664 484.508 363.639
190.902 141.172 194.352 164.923
435.153 317.118 468.141 316.217
359.958 206.674 455.753 191.43
270.058 32.9433 293.741 47.8803
142.513 179.319 141.506 154.339
281.172 238.386 282.054 259.367
142.013 284.369 142.351 224.371
40.7855 0.624836 40.8042 20.6248
495.259 363.079 463.308 371.335
40.217 68.8789 39.992 111.878
395.684 320.063 420.662 319.031
304.07 347.798 283.167 349.813
470.859 284.143 461.955 200.616
409.912 362.805 446.904 362.041
254.05 186.026 252.302 163.092
342.768 299.518 344.622 324.45
472.053 255.251 466.171 200.566
357.544 349.94 317.931 355.493
470.316 222.111 474.373 256.875
150.628 369.856 170.628 369.684
480.097 317.791 458.101 318.259
476.383 256.066 472.675 224.282
242.125 363.745 263.125 363.752
490.309 288.412 481.692 211.896
475.43 285.043 472.186 258.239
479.583 286.243 476.449 259.425
480.491 258.134 475.197 209.421
140.129 242.13 139.62 293.127
483.809 287.195 480.354 259.409
284.743 236.377 287.502 258.204
318.129 319.777 316.524 291.823
480.126 210.917 488.837 289.435
476.576 207.632 485.579 288.13
478.727 263.081 481.617 286.906
484.691 267.429 480.259 225.664
239.202 10.7842 269.949 33.1129
0.880671 360.222 31.8797 359.979
139.178 310.632 138.741 360.63
165.933 36.1717 167.185 78.153
74.9784 371.215 53.5111 366.403
467.932 236.924 469.713 256.845
226.888 282.741 203.106 279.512
494.062 289.292 491.088 264.469
257.386 348.804 224.425 350.4
348.795 371.678 388.048 363.984
140.625 192.625 140.625 225.625
333.915 251.863 332.762 231.896
319.427 290.699 320.358 315.682
407.368 362.337 363.34 371.643
337.41 363.454 310.679 367.256
199.831 129.388 200.273 149.383
470.614 329.582 450.616 329.818
70.1697 33.861 69.5 11.8712
262.254 366.079 240.39 368.517
424.956 293.647 344.378 301.908
43.018 321.375 43.1211 354.375
139.338 22.6442 140.717 65.622
345.087 299.257 425.635 290.718
455.378 195.274 411.902 202.046
143.065 309.341 141.654 289.391
252.988 212.15 254.675 248.111
48.6749 1.12685 48.5946 23.1267
420.094 253.126 416.425 214.299
433.783 290.051 465.629 286.912
140.625 342.375 140.625 319.375
416.418 329.701 444.357 327.856
466.188 289.645 434.335 292.71
284.639 174.398 285.832 194.363
112.909 9.39168 113.572 54.3868
31.6204 363.695 0.622658 363.317
278.435 268.979 280.714 291.866
383.267 332.531 407.003 328.981
447.625 319.375 425.625 319.375
47.764 67.3739 47.6272 114.374
197.781 68.9281 199.058 91.8926
247.128 242.335 245.769 214.368
202.289 368.373 174.423 371.111
252.947 269.83 251.076 211.86
241.196 142.423 242.722 179.392
247.922 215.66 249.254 245.63
437.383 333.242 409.388 333.792
445.827 236.407 441.936 200.618
87.4815 0.878728 87.7954 41.8775
113.819 91.1481 114.576 138.142
116.918 262.143 117.715 298.134
389.645 209.823 394.838 265.582
87.1712 79.384 88.2064 129.373
240.621 178.087 239.259 158.133
403.265 207.528 407.345 249.329
137.886 63.6088 137.402 40.6139
110.756 51.0965 110.147 28.1046
114.307 297.129 113.902 268.132
405.3 248.619 401.25 206.814
179.726 196.886 180.404 231.879
179.381 302.886 178.626 276.897
445.528 215.031 452.774 285.661
249.197 308.85 248.376 286.866
430.846 224.967 428.81 203.061
250.439 277.656 251.994 310.619
430.475 202.367 433.875 233.18
394.882 291.641 389.306 226.881
440.463 355.746 411.932 360.939
181.255 258.66 182.634 305.639
450.832 285.401 447.059 250.605
85.0194 40.372 84.884 14.3723
410.755 356.058 440.686 354.023
378.399 265.478 376.236 240.572
378.359 241.605 382.267 289.445
364.93 267.71 362.76 241.801
394.973 268.954 396.988 291.865
356.646 294.666 352.656 241.816
364.88 242.779 367.482 275.676
33.5941 366.584 0.608087 367.543
422.3 220.071 426.713 255.799
409.051 270.686 410.839 290.606
354.945 242.719 358.614 295.591
115.4 222.155 115.917 243.149
346.661 266.412 348.388 294.359
