394.017 185.842 368.054 184.469
475.522 188.435 450.548 187.272
36.5104 385.203 35.3655 408.174
452.423 48.6571 430.56 46.209
359.142 97.3425 362.628 133.173
379.167 41.4213 354.301 38.8309
511.552 338.794 508.974 359.635
19.1577 385.21 18.0213 408.182
367.402 185.924 370.295 216.789
637.732 178.34 618.216 173.97
518.816 190.09 496.832 189.255
524.263 97.3299 465.488 92.1896
13.4467 409.282 15.3231 384.352
351.835 421.614 296.843 422.59
385.467 98.8269 360.522 97.1645
532.884 56.5745 512.978 54.64
318.005 126.109 311.193 24.337
544.228 110.768 524.291 109.171
309.178 254.167 307.016 188.202
539.73 171.951 461.799 168.669
274.521 47.3326 273.101 24.3765
358.326 69.7177 383.234 71.8681
493.881 52.9316 472.976 50.9395
304.32 31.7832 303.056 6.81523
335.748 298.538 317.614 322.436
38.3212 453.604 14.4383 451.237
291.74 435.886 299.723 454.223
73.9913 125.547 181.833 131.397
179.915 134.924 73.0618 129.333
353.698 41.0787 355.624 61.9902
100.094 471.514 63.1092 472.57
270.758 33.147 272.255 58.1022
561.315 191.626 539.325 190.918
286.926 76.6982 306.87 78.1968
430.169 42.8598 453.082 44.8698
421.861 245.393 356.862 244.946
551.118 263.629 554.272 284.391
417.629 250.549 360.633 249.919
434.537 76.333 459.46 78.2981
450.167 183.372 473.162 183.847
270.555 465.77 250.567 466.472
512.624 102.81 471.773 99.3216
367.37 180.441 394.36 181.171
372.706 128.12 371.164 108.18
183.097 127.537 69.2738 121.191
459.749 104.36 436.824 102.5
199.064 468.134 163.082 469.28
436.54 98.718 459.484 100.324
44.3759 203.387 4.37604 203.498
359.4 93.1663 384.347 94.8039
149.912 428.102 221.895 426.53
455.155 5.83027 480.979 8.85228
305.438 177.482 302.697 135.571
55.9325 464.777 36.4451 452.561
224.477 426.512 269.438 424.657
249.239 466.312 199.282 468.369
506.66 263.498 514.042 318.001
572.87 262.114 551.87 262.046
41.7425 242.277 46.0581 205.529
140.08 470.245 113.104 471.371
521.203 397.854 474.36 401.688
31.5393 409.337 32.3504 384.35
440.57 402.654 436.974 371.863
363.65 366.326 440.626 364.417
290.809 163.622 287.106 96.7238
307.219 10.2932 311.158 73.1699
469.867 197.215 474.257 226.892
503.132 229.988 528.129 229.649
170.09 265.521 93.1109 263.731
475.949 411.97 521.878 409.436
95.6415 428.811 135.64 428.434
533.489 123.237 510.564 121.383
626.855 194.038 606.867 193.347
540.18 452.638 543.85 478.378
308.152 72.6154 305.133 31.7267
615.889 231.44 636.883 230.939
637.882 35.0528 618.042 32.5318
314.108 333.416 309.926 255.528
448.964 173.444 536.937 175.656
606.108 30.5302 315.962 -2.34609
260.274 62.7391 262.087 36.8024
78.643 289.609 75.7551 324.489
531.12 262.379 508.12 262.307
205.62 265.792 170.621 265.962
298.776 136.067 301.978 181.955
59.2884 466.405 68.2333 428.445
217.407 405.335 216.842 384.342
319.1 451.185 305.109 424.647
409.07 296.115 404.867 254.325
551.313 407.289 593.213 404.403
588.193 115.963 593.775 138.275
91.3402 263.806 39.3644 262.221
305.37 353.416 204.376 354.463
441.327 361.443 359.355 363.602
626.555 187.79 605.572 186.938
201.743 406.37 201.636 384.37
637.623 246.462 605.623 246.371
34.3901 335.526 38.4588 286.695
541.2 315.26 532.682 255.868
391.113 193.792 394.425 225.62
515.623 316.608 540.621 316.412
295.233 372.842 313.855 365.548
283.111 254.14 282.003 213.155
355.263 35.5851 378.161 37.7369
608.069 109.623 588.121 108.186
560.308 185.002 539.333 183.971
8.23414 214.608 5.36026 244.47
383.394 63.7326 380.599 36.8777
600.466 406.646 550.601 410.291
567.016 211.352 562.602 186.745
594.343 300.786 584.449 318.167
200.505 238.173 200.061 258.168
291.274 419.632 64.3228 424.384
401.008 216.389 397.225 180.588
457.608 111.153 462.874 141.703
544.023 104.05 523.077 102.542
311.928 89.0348 314.384 126.955
385.259 91.8591 359.342 89.7935
516.333 366.015 469.354 367.433
110.391 407.364 110.58 384.364
475.296 181.631 449.327 180.378
236.623 378.414 195.623 378.496
435.528 334.799 330.54 336.431
27.5346 204.859 23.6641 245.676
172.619 260.879 85.6578 258.277
435.011 477.64 433.275 450.696
481.233 212.807 476.818 183.134
485.357 254.486 459.36 254.068
518.59 183.239 495.607 182.35
187.185 178.784 188.475 156.822
295.763 420.301 293.58 374.353
526.68 219.862 520.75 184.354
637.872 251.442 611.879 252.039
379.171 35.1552 354.298 32.6418
512.122 50.9282 533.029 52.8925
637.669 229.25 627.778 189.461
305.538 255.064 311.541 361.894
482.247 417.669 449.333 420.042
606.372 403.664 600.876 368.086
22.5785 354.319 0.583371 353.857
496.127 185.048 518.102 186.107
179.087 183.759 148.097 182.959
219.648 182.145 270.621 180.489
49.0854 411.127 49.7811 388.137
486.383 278.633 464.384 278.427
637.738 328.612 606.757 329.676
281.016 212.654 203.061 209.991
270.131 255.347 303.13 255.112
426.077 421.193 388.11 422.758
482.729 290.792 485.807 315.602
495.589 316.171 487.368 255.728
489.263 162.212 527.096 165.771
533.007 50.2983 513.109 48.281
575.348 23.0455 608.094 27.1257
146.015 182.537 63.0816 179.204
375.64 263.292 400.636 263.709
74.6542 203.145 71.4018 231.963
391.807 134.835 387.144 93.095
98.3061 324.369 98.2307 289.369
176.817 256.531 175.794 235.556
222.213 339.376 221.366 289.384
445.118 405.892 468.099 404.981
131.461 384.922 130.888 406.914
500.017 75.556 494.912 48.0255
471.754 96.0019 515.598 99.694
388.116 381.03 408.085 379.907
470.992 47.1314 491.907 49.0189
554.159 145.727 545.772 105.594
606.919 397.06 626.899 396.141
639.139 49.8357 623.886 62.7727
126.707 406.857 123.241 383.108
286.777 338.625 284.473 290.68
458.779 75.0615 454.616 44.3423
67.6288 230.68 45.6339 230.21
166.103 350.353 164.946 289.364
176.077 232.147 176.416 203.149
190.431 385.635 190.215 405.634
436.042 144.156 318.229 137.524
175.754 160.598 177.276 140.656
597.477 361.789 550.566 364.658
492.769 46.4803 471.868 44.4494
539.99 77.2635 534.684 51.8106
585.337 313.016 575.698 255.823
637.41 156.354 560.608 150.87
392.986 419.697 353.075 422.374
589.684 394.072 556.75 396.18
334.447 411.515 359.421 410.376
466.374 298.312 439.375 298.115
386.622 298.342 335.622 298.233
637.721 403.444 601.816 406.064
573.874 254.846 551.874 254.812
243.721 251.451 241.389 225.556
461.038 97.6294 438.108 95.8362
483.839 414.015 456.851 414.834
614.674 131.326 609.785 108.852
120.432 322.624 120.67 300.625
211.251 260.326 258.106 256.637
453.194 42.375 429.317 39.946
469.454 135.594 463.202 98.1122
48.6206 379.414 0.620986 379.602
485.967 136.858 469.344 156.849
632.37 74.2351 604.685 82.8692
299.852 362.197 206.864 363.668
483.62 261.511 460.621 261.375
542.104 30.9465 595.672 37.7572
205.879 359.506 31.8796 359.943
258.723 32.6127 243.04 88.4521
289.127 376.456 291.084 419.411
383.663 168.868 415.649 169.787
19.6966 288.831 15.7084 339.676
103.979 300.929 103.338 321.92
134.081 177.669 88.1142 175.907
522.486 412.775 494.631 415.627
124.909 296.92 124.077 321.907
354.96 167.707 381.944 168.643
491.728 12.9631 539.585 16.6643
609.988 178.778 636.96 180.02
96.5828 255.134 96.958 208.136
389.696 136.837 321.849 132.258
243.477 310.14 243.17 288.142
393.827 177.477 361.918 175.063
531.873 254.844 506.873 254.91
589.312 333.926 524.348 336.048
238.156 409.385 237.372 379.395
466.944 421.244 491.311 444.955
540.976 10.7529 518.108 8.28654
621.461 81.7624 637.748 145.721
100.635 294.309 120.634 294.472
201.125 353.933 28.1247 353.968
302.684 205.036 305.32 251.962
379.378 289.798 404.377 289.546
586.809 328.766 521.844 330.974
32.6222 363.766 0.622602 363.607
1.12507 367.157 33.1251 367.149
459.377 257.303 484.377 257.156
603.45 149.333 565.571 146.302
588.326 176.506 608.181 178.917
381.319 107.792 384.35 135.628
481.754 3.08476 456.885 0.528055
342.395 179.056 364.376 178.151
378.829 145.429 400.786 146.802
375.937 -0.162671 454.529 7.86194
540.532 18.4606 574.243 22.88
162.858 288.538 81.8765 286.803
202.21 211.193 203.364 238.168
202.408 367.264 299.396 365.735
209.642 358.797 305.633 357.429
358.397 254.314 379.391 253.812
400.619 261.339 375.62 261.089
626.838 295.708 606.841 296.035
200.358 235.233 179.384 234.2
538.165 119.11 543.447 144.568
595.947 37.5879 620.794 40.3515
313.825 425.048 328.78 452.202
323.9 425.013 339.624 451.728
23.5897 249.473 0.607593 248.566
220.94 251.845 219.491 211.871
508.526 331.19 470.558 332.759
74.8794 352.363 96.8789 352.5
559.672 91.2244 585.658 90.3796
222.538 384.882 222.932 406.878
542.202 49.2763 561.482 138.21
326.033 225.959 328.058 251.88
226.08 298.657 226.773 335.65
402.503 146.605 429.437 148.491
144.377 352.457 164.377 352.385
318.879 425.025 334.232 451.956
508.592 336.545 470.618 337.928
551.876 257.349 571.876 257.313
150.127 233.033 128.128 232.834
145.688 409.126 145.79 388.126
329.18 425.596 345.384 452.023
332.604 20.0859 398.261 26.7918
323.054 142.052 377.907 146.092
376.119 257.427 403.118 257.655
197.603 260.641 175.608 261.139
143.868 412.164 91.8708 412.745
440.043 413.039 443.054 441.882
72.3825 257.998 44.3876 257.464
270.682 178.803 293.228 197.043
349.096 425.225 366.474 450.896
373.828 261.006 376.298 280.852
334.165 425.605 350.74 451.802
343.992 425.29 361.185 451.085
314.644 6.65808 414.128 16.7957
507.378 257.433 529.377 257.311
48.6231 413.523 0.623087 413.466
73.1181 323.817 38.1253 323.113
153.384 258.706 174.38 259.083
353.79 425.105 372.269 451.231
405.687 42.3311 416.75 130.641
531.166 148.716 488.187 147.381
71.3733 256.556 94.3612 257.3
245.054 338.811 243.656 311.847
440.058 139.397 393.144 136.559
217.311 156.674 197.965 148.505
205.366 152.629 228.67 169.889
263.875 254.482 231.875 254.34
238.693 175.904 217.432 157.684
173.625 263.159 205.625 263.032
413.383 432.345 431.663 450.834
193.662 184.413 215.618 183.02
432.687 443.552 430.259 415.657
598.155 243.435 638.121 241.783
379.382 247.891 414.381 247.587
419.295 257.007 422.145 281.844
580.356 448.757 583.874 469.46
271.625 342.624 220.625 342.617
267.282 298.636 268.089 330.626
328.19 253.932 331.222 301.837
571.341 187.264 576.282 210.75
69.8137 135.935 90.6128 133.037
91.8377 135.065 111.825 135.779
155.358 210.956 152.893 232.817
198.375 324.411 169.376 324.242
302.306 428.927 308.635 452.077
405.17 285.367 379.266 283.135
489.927 142.086 536.835 145.018
373.855 425.742 394.9 452.447
382.03 219.994 379.432 193.119
542.17 383.861 547.291 419.495
323.018 182.714 325.802 220.612
1.3633 358.652 24.3602 359.028
249.003 299.657 250.058 335.642
170.494 207.609 95.5895 203.829
488.436 314.461 485.401 290.654
262.754 296.405 264.6 339.365
494.702 248.023 580.624 244.345
270.756 291.429 272.138 334.407
537.664 460.817 533.699 428.056
416.918 19.2017 538.203 32.4048
580.308 242.179 494.388 245.917
240.022 295.377 240.955 339.368
421.893 180.211 426.611 216.909
486.084 246.052 433.133 248.306
582.78 245.588 593.255 300.6
147.175 302.476 144.976 339.411
427.095 222.508 435.878 296.993
464.424 342.492 509.422 341.944
476.613 224.901 472.785 198.174
598.319 409.776 638.217 406.898
316.512 64.5156 320.833 124.36
120.906 198.998 161.862 200.909
382.334 195.213 384.733 218.087
129.273 63.1472 162.702 90.1934
365.368 220.05 344.379 220.753
27.4675 277.712 0.617237 280.552
2.81857 204.456 10.5313 131.865
266.121 178.868 243.122 179.121
325.102 450.414 312.013 426.799
330.919 450.76 317.942 428.23
611.877 249.063 636.877 249.018
413.019 425.241 430.423 444.557
461.875 263.639 481.875 263.634
490.444 420.988 513.219 440.515
175.348 179.573 139.394 177.75
237.181 127.586 164.693 67.7399
366.105 392.318 398.062 390.665
558.335 43.7359 603.052 48.7735
173.682 99.4479 271.343 179.061
187.132 414 238.127 413.229
503.079 110.725 483.12 109.45
366.436 385.968 409.42 384.816
354.343 74.1535 388.213 77.1178
373.172 107.379 376.118 133.211
92.6441 415.841 145.632 414.719
236.872 410.776 186.872 410.676
324.34 163.872 322.417 142.96
342.327 381.604 362.153 378.972
577.18 216.07 581.903 240.62
0.652579 253.302 25.645 252.686
360.935 428.526 378.746 452.667
392.899 424.578 413.032 449.45
38.6719 259.576 170.635 262.706
299.625 419.375 345.625 419.375
426.311 415.835 394.334 417.055
124.378 49.6515 13.9934 112.454
0.622783 416.373 50.6224 416.186
336.415 450.806 322.158 426.708
467.281 447.169 447.574 428.714
11.588 123.951 127.826 57.2833
64.2862 436.282 54.6746 461.513
341.779 450.582 327.23 426.659
163.462 66.8269 143.294 50.4167
43.1146 287.388 68.7857 291.511
406.055 449.944 386.784 426.951
424.846 283.635 422.208 251.744
340.674 428.193 356.13 451.541
214.1 180.826 193.14 182.123
387.232 74.9448 354.37 71.9346
430.885 220.028 451.877 219.452
474.773 290.85 477.938 315.649
525.766 340.903 585.733 338.96
154.909 385.374 176.9 385.996
63.4406 176.767 174.356 181.112
305.008 73.3415 278.061 71.6511
311.224 429.774 322.581 450.917
33.6251 356.1 205.625 356.132
363.604 450.568 347.24 426.626
539.707 441.851 570.507 438.337
328.129 220.548 325.302 180.648
352.831 450.711 337.585 427.226
347.559 450.943 333.09 428.147
345.189 223.614 368.146 222.217
401.406 24.4799 315.782 16.4528
564.365 289.416 568.65 313.03
607.595 210.593 580.618 211.715
320.763 135.231 380.67 138.577
318.372 62.3353 316.736 34.3831
358.211 450.517 343.153 428.106
379.939 450.512 362.601 427.266
352.59 356.228 440.568 354.294
220.871 345.62 271.867 345
369.694 426.954 388.095 450.649
391.199 451.115 371.979 426.792
400.923 450.052 381.87 426.879
386 451.273 367.028 426.757
464.172 423.597 485.1 443.673
566.01 313.794 561.728 288.15
388.598 425.271 403.148 444.357
2.24008 241.364 2.72135 214.368
199.201 229.239 179.352 231.684
314.966 34.8754 316.268 61.844
428.494 214.862 424.786 183.077
87.4465 197.539 109.405 198.894
369.386 450.894 352.665 427.2
347.625 326.82 380.625 326.894
523.398 333.593 589.366 331.573
586.05 436.311 606.996 434.809
611.332 433.991 638.177 431.107
67.4072 459.057 73.3882 430.68
275.531 452.163 268.826 433.32
333.404 298.536 330.607 255.626
374.672 450.712 358.162 428.098
395.588 218.947 393.55 188.015
365.919 428.533 382.902 450.795
396.426 450.932 376.957 426.809
482.183 422.767 506.611 443.437
475.32 316.398 472.241 290.581
565.675 149.046 590.612 150.806
638.069 239.646 598.099 241.188
383.477 138.657 434.377 141.84
411.166 449.851 391.763 426.97
380.783 428.679 397.919 449.544
415.203 443.103 401.869 426.88
376.951 420.947 426.899 418.658
426.076 448.61 406.607 427.118
428.535 445.517 411.713 427.022
633.246 388.532 629.328 366.883
265.625 324.125 265.625 298.125
432.224 80.6504 463.127 83.0984
564.141 139.155 545.682 53.1127
61.9271 384.926 86.7423 387.96
43.4285 98.7568 133.072 48.031
176.134 351.395 198.132 351.08
322.367 122.548 318.886 65.6549
404.473 427.316 422.219 447.665
419.116 129.952 407.804 40.6657
607.269 46.9834 550.634 40.5442
166.348 73.0734 187.284 90.123
385.569 428.6 403.51 450.097
416.397 449.654 396.881 426.87
399.579 427.143 417.777 448.423
416.617 175.152 395.619 174.887
386.129 132.558 383.992 110.662
438.012 296.609 432.904 251.9
465.527 371.065 445.582 372.555
224.634 120.761 247.086 139.117
460.603 424.698 475.434 439.566
12.8954 130.792 128.242 64.5797
188.181 90.7026 223.555 120.108
487.082 422.513 506.711 439.563
595.315 298.513 585.248 245.459
96.158 382.131 118.15 381.527
432.193 246.716 429.447 221.867
448.033 432.145 464.248 447.013
507.858 423.891 531.603 442.228
132.851 52.4032 287.154 178.068
475.172 415.852 498.111 414.187
593.796 96.2115 576.98 107.037
20.0473 244.217 22.9252 214.356
123.38 381.417 144.371 382.001
330.191 250.544 328.582 225.596
450.684 417.183 470.643 415.897
456.104 425.245 477.791 445.974
43.6308 351.295 70.6291 350.997
228.817 452.914 223.576 430.519
547.624 100.068 525.664 98.7323
131.408 209.356 154.388 210.315
479.626 445.302 457.82 424.698
488.197 444.237 466.46 423.561
578.355 209.994 574.304 189.389
483.846 444.671 462.76 424.762
504.79 444.108 480.292 423.521
638.735 140.386 627.746 95.7183
555.299 289.768 558.873 315.521
584.299 240.135 579.413 215.617
613.203 152.399 638.122 154.412
344.285 164.933 324.343 166.457
251.728 428.672 259.622 453.445
617.424 267.756 622.806 293.192
494.49 444.444 470.593 423.161
261.369 143.933 281.281 95.8971
342.376 330.301 379.374 330.715
451.323 425.011 472.794 445.964
460.335 93.3361 434.391 91.6265
388.543 87.9774 355.654 85.2744
15.0937 115.408 36.5988 102.659
589.551 208.748 585.634 187.1
278.919 176.105 192.124 105.319
89.1124 437.414 85.935 458.172
103.413 457.647 106.425 431.823
479.401 182.29 484.18 211.906
498.63 233.81 530.624 234.417
580.878 318.011 556.882 318.486
609.834 105.774 586.9 104.042
158.071 77.7955 134.944 58.6869
160.238 456.611 159.321 430.627
267.6 285.078 220.606 284.35
351.175 30.3828 373.112 32.0489
455.875 251.949 486.875 251.843
194.66 430.098 198.241 456.859
214.544 177.867 202.85 155.77
356.718 260.216 360.032 281.965
443.105 177.231 447.476 211.957
508.55 420.068 527.891 435.911
382.473 31.2414 350.613 28.2499
452.641 232.99 485.638 233.465
542.371 234.744 574.371 234.943
559.84 198.688 565.451 228.158
83.0945 433.851 78.5479 459.45
230.179 207.413 217.919 184.485
526.119 231.926 498.119 231.791
156.297 430.881 156.682 456.878
493.884 285.423 498.518 311.007
533.877 250.433 501.877 250.261
529.015 434.796 510.481 419.55
515.754 87.8142 545.655 90.2521
582.772 39.6862 543.083 34.7139
282.205 451.419 273.394 428.024
498.986 443.508 475.33 423.473
168.936 431.028 171.043 456.943
202.485 160.118 212.939 179.476
215.29 184.371 228.019 208.182
282.51 427.044 292.666 452.061
373.655 295.493 370.643 260.623
473.431 128.03 469.288 104.39
473.921 423.891 495.602 443.151
519.662 322.467 545.654 321.855
556.937 321.18 581.897 319.77
175.816 430.977 177.977 456.887
181.511 455.406 178.878 430.545
249.243 454.312 242.2 429.284
367.628 231.421 405.622 232.053
414.056 294.832 409.91 258.065
624.622 292.34 619.347 266.881
110.602 457.619 113.376 431.768
201.305 431.236 205.478 456.899
412.361 20.5624 316.839 10.9888
496.354 280.05 492.094 249.345
82.1077 459.369 86.0254 435.691
194.931 455.265 191.418 430.513
276.126 427.085 285.909 452.25
348.125 34.0591 351.552 71.9042
439.48 441.599 437.414 415.682
491.708 244.595 487.869 221.918
542.519 290.225 536.848 250.629
576.599 250.81 545.608 250.034
76.5944 432.012 71.212 459.49
74.7012 459.248 80.0363 431.761
130.022 432.192 128.432 458.144
143.875 379.375 96.875 379.375
239.218 429.513 246.015 454.608
242.553 454.436 235.834 429.319
396.242 134.028 391.257 89.3046
442.528 215.303 438.55 185.568
496.044 42.7693 468.15 40.3343
508.497 300.386 503.803 265.702
117.818 457.729 120.101 431.829
224.372 123.018 156.897 68.0976
167.292 456.572 165.847 430.613
187.652 451.382 185.118 430.535
235.516 453.61 229.641 429.311
245.24 428.551 252.873 454.449
271.42 431.362 279.109 451.974
274.699 163.837 226.485 124.857
389.502 72.5536 384.18 31.9005
487 285.841 491.046 315.568
530.048 439.26 508.891 422.485
201.787 455.356 198.009 430.643
24.078 7.61922 12.6762 106.967
192.734 364.923 172.902 362.339
226.768 430.191 232.615 454.498
288.913 451.237 279.73 427.985
366.869 217.437 363.488 180.592
409.196 267.754 411.807 295.631
599.819 184.828 604.962 208.27
116.504 432.315 114.375 458.228
132.263 456.86 132.96 431.87
136.313 434.13 136.103 458.129
157.64 273.227 85.6562 271.678
334.947 123.869 327.993 33.1351
462.906 65.9501 457.829 39.4316
503.007 68.901 498.72 44.2715
535.15 46.6299 509.292 43.9094
564.084 181.017 533.108 179.793
557.949 142.652 550.057 105.48
575.983 287.305 580.142 311.956
188.314 430.878 191.571 455.665
233.135 430.163 238.985 454.469
452.383 295.375 446.978 251.708
487.232 393.215 513.219 392.41
529.746 211.158 524.681 180.574
109.831 432.293 107.071 458.146
255.596 452.192 248.738 429.192
295.258 451.195 285.781 428.061
345.56 248.504 343.723 225.577
430.457 129.776 418.325 40.5977
485.124 230.905 453.127 230.5
123.182 432.237 121.454 458.18
349.094 295.477 346.08 255.591
486.675 212.553 481.856 176.878
531.811 181.37 536.471 206.949
125.043 457.812 126.57 431.857
174.03 453.53 172.382 430.589
246.777 85.3355 255.518 55.5935
370.041 274.7 371.399 295.656
458.361 280.232 455.321 254.411
547.877 252.221 571.871 251.684
572.626 233.209 550.628 232.889
583.405 274.755 579.641 253.079
162.5 430.94 164.036 456.895
181.951 430.885 184.882 455.713
543.893 75.2476 537.797 47.9194
606.578 294.161 602.118 270.579
148.681 51.0757 124.184 0.717881
343.371 219.428 340.162 180.56
385.293 107.279 388.283 133.107
454.71 38.6658 426.874 35.6374
446.371 245.489 443.208 221.698
492.375 180.469 519.374 180.709
547.412 320.257 543.468 295.57
588.943 426.558 570.602 414.41
601.587 267.885 597.027 245.341
69.6994 435.239 63.9594 459.572
125.617 191.214 100.63 192.026
121.742 0.804104 144.896 48.4789
191.242 104.746 168.053 85.7132
361.5 181.35 364.991 218.185
500.463 255.838 505.029 290.539
573.858 138.886 563.65 93.0081
571.627 210.401 566.652 186.922
582.847 108.429 590.745 145.599
41.1417 102.335 23.0659 113.025
544.493 250.618 550 288.216
403.503 199.309 401.734 179.388
636.504 206.843 631.485 185.424
160.321 194.175 124.338 193.056
499.267 306.616 496.246 281.799
595.776 239.07 591.087 215.533
559.493 74.7512 554.985 54.2409
588.782 304.217 584.409 280.619
628.804 183.999 601.835 182.711
292.507 282.831 270.939 257.854
453.13 254.087 457.151 286.841
358.436 123.821 356.614 101.897
66.5748 272.133 45.6035 271.035
155.625 322.875 155.625 296.875
612.125 235.625 638.125 235.625
146.598 187.274 126.807 190.156
21.6005 475.468 0.611716 474.781
113.64 374.716 145.639 374.955
77.2121 375.706 113.159 373.752
509.376 252.059 529.374 251.788
54.375 474.375 24.375 474.375
