114.913 76.5835 189.834 58.8088
437.917 90.8364 338.88 110.653
435.072 46.9423 411.855 33.1584
636.786 219.928 482.648 119.439
141.377 73.1319 114.118 79.5291
182.895 14.8741 95.5521 36.5816
385.255 234.593 387.084 265.539
587.584 140.031 478.594 55.3809
84.4077 39.5466 30.8616 72.7403
369.694 100.955 402.553 92.2213
313.882 38.9319 271.824 47.8852
244.892 -0.124062 195.313 11.833
383.014 265.355 381.583 234.389
428.036 261.855 427.292 231.865
389.174 329.907 390.478 361.881
256.481 51.1785 219.381 59.4032
395.329 20.5595 367.123 -0.163972
388.079 464.556 439.495 472.33
432.675 357.867 431.448 326.892
22.4816 85.1562 5.97286 73.8663
430.997 232.135 432.278 263.108
457.223 149.958 458.985 176.9
317.932 76.1145 318.13 98.1137
435.782 327.39 437.341 359.352
365.817 238.893 367.167 266.861
386.27 361.375 385.015 329.399
507.381 100.762 482.327 82.5053
503.822 369.621 633.159 390.411
369.525 332.647 370.467 360.63
43.2493 98.6812 4.23598 107.511
453.367 309.044 414.37 308.564
399.393 224.155 365.637 228.224
531.444 326.039 512.002 321.35
367.479 455.37 367.23 434.371
164.564 130.624 164.596 100.624
58.6458 3.3691 35.6584 4.13192
182.8 129.066 158.233 133.699
150.654 352.306 126.8 354.944
471.346 139.45 472.736 159.402
542.228 238.239 520.19 228.736
615.396 408.712 553.842 401.296
637.559 409.925 615.592 408.715
478.904 314.749 456.773 308.487
609.105 335.611 586.503 331.344
354.745 366.874 354.358 316.875
599.572 178.187 582.096 166.543
258.499 53.6078 344.544 35.1651
466.654 331.486 468.287 359.439
86.3821 153.828 112.186 150.639
132.012 146.957 151.672 143.289
548.818 317.986 515.623 310.634
462.376 249.471 463.944 269.409
389.549 429.901 390.418 451.883
532.044 247.584 502.194 236.049
513.567 311.266 490.587 312.239
133.638 210.757 161.018 196.22
158.188 75.6409 255.836 54.0821
403.078 214.191 359.505 220.303
477.84 116.413 444.796 95.6981
585.081 331.604 563.1 332.509
331.699 99.7379 294.349 106.734
552.708 401.69 521.774 399.662
524.949 226.05 503 227.544
432.599 477.577 411.658 475.997
452.827 215.247 406.862 213.463
396.077 254.88 398.973 233.072
419.229 328.241 421.754 358.135
521.446 398.678 484.485 396.983
629.798 454.339 632.203 478.218
99.6712 136.616 99.9773 110.617
289.825 309.026 188.186 317.6
259.435 222.172 202.021 230.394
53.9815 94.136 23.3401 84.9106
588.116 259.879 558.125 260.622
374.136 179.422 350.444 183.253
530.528 114.495 548.864 129.98
543.986 208.13 544.082 238.13
399.368 175.575 374.49 178.035
289.774 402.275 241.82 404.381
479.427 107.505 477.077 80.6073
449.188 356.044 447.792 328.079
377.878 311.878 352.997 314.314
406.783 361.827 371.891 364.579
406.212 308.914 379.362 311.754
482.49 76.4845 510.555 97.3969
620.574 289.482 626.733 321.902
472.973 224.17 453.991 215.187
557.785 237.724 555.265 201.813
70.1758 321.484 49.3522 324.201
406.155 267.733 360.496 273.322
286.531 277.334 265.591 278.926
589.096 347.155 591.304 378.077
539.843 286.554 538.182 265.62
191.548 198.347 223.213 193.726
400.49 367.096 355.593 370.148
411.238 106.275 362.934 114.503
406.761 358.105 405.298 328.141
489.842 395.566 488.235 370.618
214.11 197.379 194.357 200.509
454.327 176.738 399.406 173.799
417.536 454.854 375.562 456.313
343.451 114.572 440.765 96.3745
511.927 175.382 487.846 161.095
452.493 63.6477 476.89 58.1926
472.933 320.67 474.878 340.576
22.3352 115.764 50.6989 109.722
151.634 197.022 130.023 209.589
334.743 115.363 275.727 126.18
402.304 228.178 398.156 256.88
441.391 97.4013 504.055 138.612
350.035 428.95 303.103 431.457
633.113 383.522 631.272 355.582
107.124 87.3299 135.393 80.8607
474.282 188.146 450.058 174.103
479.944 363.636 478.2 315.668
590.745 248.695 610.451 258.475
394.477 261.49 387.522 239.566
458.121 268.995 408.143 267.506
42.6331 250.991 8.02621 256.221
152.761 171.366 152.989 134.366
258.69 190.229 236.96 193.663
472.876 365.082 401.876 364.942
612.145 293.371 611.211 334.36
381.536 143.113 382.798 173.086
513.878 170.67 514.731 195.656
487.385 393.934 465.542 391.312
485.072 228.048 482.341 163.105
591.307 432.355 569.362 430.801
479.722 277.285 458.143 269.327
478.298 196.081 480.255 248.045
349.496 164.878 348.916 131.883
525.608 286.852 547.064 295.136
622.116 381.112 619.413 353.243
466.17 388.824 354.337 394.935
606.81 477.196 604.46 444.28
629.669 323.628 626.4 291.795
580.777 264.365 598.617 273.404
274.133 124.069 193.386 138.353
396.597 122.524 353.276 130.226
132.199 197.964 151.905 194.549
493.825 327.514 496.23 359.424
500.919 361.171 498.692 329.248
49.6583 241.732 54.6204 221.327
192.032 284.4 211.913 282.223
292.982 324.382 293.13 379.382
362.217 237.035 359.055 261.834
578.166 310.502 598.147 311.384
344.801 32.3527 315.474 38.6719
348.505 394.711 349.679 415.678
455.628 357.481 452.592 310.579
481.794 398.829 386.809 400.424
353.328 397.643 354.654 425.612
405 30.647 361.865 39.3259
509.973 141.823 599.999 199.653
619.802 321.501 614.7 287.886
189.812 356.941 175.451 385.538
270.556 366.102 269.973 343.11
117.025 157.25 149.57 151.788
413.848 125.672 435.781 127.398
478.267 59.1961 556.838 119.423
462.762 176.791 461.252 151.837
508.183 231.915 534.607 243.861
47.7871 324.222 26.8108 323.225
159.452 150.062 275.647 129.497
246.288 367.87 245.389 331.881
282.553 128.564 340.505 117.497
354.837 429.504 353.782 449.476
379.045 172.158 377.94 143.18
54.7825 37.1566 29.0021 52.4983
574.19 234.245 572.294 214.335
61.6345 471.192 25.6367 470.799
369.515 259.869 369.655 236.869
493.11 359.703 490.35 321.804
562.685 423.029 598.01 429.961
483.988 270.123 483.853 303.123
285.302 165.887 285.48 186.887
612.701 256.569 610.115 220.662
69.1097 200.106 82.4308 182.597
163.265 0.438819 184.047 12.4424
620.217 477.635 618.107 430.682
344.256 40.5333 161.532 80.2996
404.303 450.342 403.062 429.379
419.63 255.136 413.079 226.886
484.923 303.87 486.656 366.847
105.074 244.11 124.496 248.884
158.3 275.797 178.17 273.512
218.026 59.8542 190.697 65.9472
587.945 302.686 586.089 276.752
341.665 120.975 281.65 131.888
465.603 359.352 464.019 329.394
594.001 376.458 591.655 345.547
178.171 270.585 158.22 271.982
220.644 280.111 220.224 248.114
244.034 276.617 243.734 245.619
463.796 149.94 464.936 171.911
328.552 96.1255 323.288 76.8307
509.077 334.428 511.132 354.323
605.892 233.269 606.848 253.246
367.534 361.334 366.052 319.36
469.485 175.053 468.087 138.079
546.761 264.013 550.048 316.911
220.053 187.622 219.929 165.622
231.26 450.161 231.917 478.153
478.843 302.464 456.71 296.207
473.043 211.225 452.968 202.226
495.842 283.763 493.559 251.844
507.728 118.272 524.7 128.855
523.671 181.082 541.689 189.76
356.152 131.165 357.143 168.151
15.2993 85.1245 37.104 92.4427
197.081 203.585 216.959 201.382
338.738 413.564 337.686 390.588
478.793 436.225 480.81 478.176
90.8275 103.54 63.2831 98.5091
497.638 138.499 464.785 117.484
511.089 248.382 512.319 279.357
241.656 102.378 241.459 79.3785
224.778 347.627 224.578 370.627
477.719 248.275 479.058 268.23
512.28 315.86 536.466 322.187
523.487 363.512 521.984 335.552
625.341 470.392 625.537 444.393
222.385 375.124 222.209 333.124
352.099 64.5199 348.092 92.2317
445.346 160.373 443.465 124.423
492.186 158.028 512.815 170.294
299.416 79.6568 300.274 100.639
300.512 430.283 294.531 149.345
463.729 116.982 438.42 100.875
565.236 477.269 562.958 429.324
114.935 243.069 89.1895 239.442
362.837 224.063 399.521 219.237
239.862 248.132 240.971 278.112
281.803 472.28 235.253 465.791
277.24 122.93 305.825 118.042
435.035 296.195 388.073 298.1
566.569 309.789 564.487 281.867
583.677 281.204 585.04 303.161
504.537 145.478 486.414 156.087
193.233 374.043 213.174 372.505
560.945 198.14 579.722 209.604
631.027 222.854 605.235 207.532
441.564 123.82 410.621 121.945
275.079 132.929 213.033 143.853
395.262 203.162 351.674 209.168
256.69 74.3875 256.926 99.3863
314.141 476.868 284.358 473.262
449.487 315.985 451.774 341.884
518.148 336.475 519.893 364.421
546.317 116.404 518.632 96.6677
473.105 358.77 471.347 331.828
147.952 373.403 113.116 376.785
438.827 202.467 396.833 201.718
410.911 184.014 446.875 185.62
490.233 311.242 487.243 269.349
572.837 136.862 546.59 116.858
360.275 169.365 359.703 134.37
446.314 272.1 470.9 276.632
532.294 281.07 531.164 258.098
239.46 159.624 239.596 185.624
597.772 202.284 509.377 145.623
595.172 434.303 597.936 478.216
606 204.376 634.793 222.459
264.365 370.928 244.431 372.561
262.829 338.875 262.828 366.875
526.513 130.796 543.864 142.624
214.041 75.7576 257.117 66.7862
332.259 95.3379 331.682 74.3459
496.347 434.893 496.634 461.891
561.192 123.195 584.068 141.019
97.3129 207.86 97.9131 186.869
349.658 374.29 414.463 369.26
441.859 310.947 420.885 309.878
593.57 477.263 591.093 439.344
633.794 345.214 606.88 343.066
386.705 298.946 361.845 301.593
454.979 165.382 451.103 136.642
474.257 342.356 475.293 364.332
451.867 180.007 475.145 191.59
26.7502 82.7571 45.6996 89.1541
243.519 186.072 242.403 163.099
397.608 207.553 353.061 213.926
408.981 301.493 354.275 307.162
138.046 437.199 113.079 438.48
419.879 375.027 456.871 375.796
456.836 297.385 436.843 296.873
549.483 197.531 552.659 223.336
83.9951 186.91 70.0092 202.575
275.424 194.632 275.534 215.632
364.223 261.391 363.535 239.401
397.782 137.469 420.927 151.372
566.245 154.287 564.29 134.383
414.625 178.552 450.587 180.21
461.788 103.299 450.225 74.536
459.745 457.138 459.568 478.137
517.279 362.831 515.438 331.886
518.092 95.6264 475.159 62.8741
537.923 369.224 535.782 334.289
558.728 271.102 560.567 293.025
92.8634 408.485 91.2675 429.424
195.876 379.603 216.872 379.206
213.748 280.122 213.513 243.123
243.45 376.697 279.386 374.556
301.165 57.745 333.452 50.9215
385.627 401.795 355.63 402.219
415.87 278.153 451.866 278.717
569.807 430.053 549.164 422.449
224.671 287.697 259.434 283.626
360.721 282.584 404.52 278.382
416.177 368.849 483.159 370.435
353.589 185.613 413.014 177.328
348.272 120.701 404.42 110.88
186.26 11.042 167.134 0.169836
406.186 427.806 438.161 426.564
588.257 374.981 586.397 353.06
358.515 191.214 398.054 185.158
491.148 478.035 488.504 428.105
364.472 378.593 409.351 375.294
552.305 345.872 554.03 371.815
616.178 357.81 618.048 380.733
407.568 425.692 355.628 428.193
1.37681 473.682 39.3765 473.542
500.678 224.024 499.643 203.05
258.768 157.882 259.32 181.876
449.244 81.7394 457.604 102.089
266.662 306.624 266.957 285.626
458.613 302.013 410.615 301.476
452.955 115.119 473.189 128.024
127.716 352.873 128.357 321.88
215.083 370.123 214.963 328.123
260.128 235.87 259.958 256.87
295.776 398.891 296.455 431.884
402.539 261.624 402.611 235.624
412.23 303.903 463.207 305.467
455.61 208.102 410.639 206.491
531.655 477.246 528.46 429.353
334.823 59.925 336.165 96.9008
353.848 215.963 399.434 209.81
505.858 307.823 504.532 286.865
65.4516 187.799 50.744 174.246
215.687 157.662 257.06 150.435
362.559 147.631 363.328 170.618
360.998 277.448 400.753 273.02
407.289 372.889 364.395 375.907
404.953 111.648 451.889 114.114
479.766 307.676 460.563 302.087
277.884 279.664 277.485 300.66
408.191 209.175 458.156 211.056
78.3169 268.428 93.3444 281.625
290.757 377.375 290.811 399.375
297.925 447.248 278.063 444.898
446.864 182.828 411.889 181.515
238.097 75.6514 237.291 100.638
291.389 103.82 290.404 76.8374
405.875 299.375 451.875 299.375
33.9391 394.981 8.07398 397.626
202.651 52.0563 165.498 60.0315
354.002 211.779 385.66 207.113
411.416 147.367 412.622 169.334
412.414 272.2 444.407 272.881
280.475 378.646 280.859 400.643
289.229 286.159 289.93 308.147
473.102 426.638 453.148 425.287
477.842 478.009 475.05 428.087
215.511 79.4051 216.063 99.3974
343.812 275.583 341.821 230.627
344.328 305.599 343.76 285.607
486.72 259.756 484.141 236.901
521.834 209.173 540.862 220.217
582.201 303.137 581.058 278.162
346.537 367.566 344.962 330.6
363.696 398.177 460.592 393.669
32.2931 259.886 9.34518 261.433
328.852 55.9079 295.573 62.8755
404.325 275.487 360.592 280.324
352.695 305.173 404.43 299.922
398.892 204.395 441.879 205.458
475.641 217.573 456.596 208.725
385.827 184.045 358.1 187.949
290.235 153.682 292.954 285.654
451.625 275.625 415.625 275.625
546.715 0.991097 638.2 104.309
191.546 17.0555 238.126 44.3725
214.82 240.692 259.408 234.62
345.334 231.904 347.052 271.867
469.882 108.619 469.406 85.6244
245.26 45.4861 194.292 15.7667
339.672 163.547 338.734 135.563
382.201 306.17 403.102 304.138
461.962 331.396 463.509 359.354
638.291 100.875 549.412 0.591783
216.193 161.88 216.385 186.879
408.585 35.9877 435.101 53.9012
278.319 141.586 228.051 150.192
385.611 23.6121 364.27 28.9543
364.677 42.6462 406.907 34.5426
439.334 63.181 406.52 38.5983
217.111 247.384 217.442 279.382
556.144 194.6 516.436 171.375
539.319 216.659 521.898 206.833
293.96 79.8774 294.626 101.867
363.736 386.382 410.589 382.673
525.755 309.239 524.348 289.289
559.649 307.39 560.062 329.386
348.543 326.131 349.918 363.105
601.124 349.421 623.124 349.265
333.846 131.911 285.559 140.242
303.658 395.933 335.591 393.853
602.124 378.219 599.698 354.342
502.285 391.811 501.07 371.848
218.477 333.631 218.767 370.63
286.141 199.961 287.749 221.903
363.315 333.715 364.941 360.666
423.581 0.637351 570.376 119.683
452.361 121.354 469.168 132.196
215.869 326.564 260.656 322.188
407.187 118.815 428.164 119.819
527.814 82.5458 426.953 0.529005
596.136 283.461 618.133 283.769
438.367 198.589 408.182 187.963
293.293 302.138 293.584 323.136
407.262 189.733 431.71 198.581
302.727 152.967 336.711 164.846
463.61 422.239 485.603 422.772
590.698 136.008 638.328 174.121
455.046 17.5555 436.745 2.02851
577.528 201.192 559.622 190.222
