184.772 99.5054 148.055 94.9357
372.375 123.678 335.656 119.121
379.789 229.453 341.904 226.503
437.528 234.58 400.659 231.47
476.736 137.759 439.136 132.258
301.332 114.29 260.68 108.957
429.394 131.171 390.714 126.182
305.086 223.179 264.25 219.518
183.908 212.358 143.086 208.539
241.098 106.723 199.443 101.346
489.423 239.604 450.59 236.008
127.206 207.147 79.3839 203.021
56.4742 200.864 5.69347 196.139
169.726 287.655 136.807 285.35
498.462 199.181 496.183 179.311
333.999 57.7966 361.735 61.6341
433.365 73.4154 458.142 76.7499
175.532 362.233 135.581 360.259
387.706 66.0727 413.416 69.9402
216.037 2.74915 193.082 1.31227
232.107 65.7459 204.35 62.0651
311.196 263.351 291.701 258.885
325.315 367.761 289.352 366.121
236.304 37.2311 215.425 34.9803
404.359 228.101 433.211 231.032
160.32 91.4959 180.741 96.3899
467.167 338.994 498.131 340.492
346.137 222.754 376.971 225.949
113.898 159.087 88.0673 156.129
411.55 91.7461 391.799 88.5992
289.759 73.8481 263.035 69.998
363.761 185.391 341.843 183.489
212.155 167.5 233.151 167.132
126.986 50.7342 94.2754 46.3715
428.507 163.134 396.726 159.394
358.874 83.8696 338.096 80.8204
191.803 251.139 171.843 249.873
284.568 329.516 325.52 331.523
492.668 342.35 495.644 367.172
137.333 286.907 136.77 311.901
392.737 121.975 423.217 127.631
315.538 297.929 285.607 295.895
125.976 126.907 102.08 124.677
174.03 317.163 133.119 314.465
360.899 33.7935 389.536 38.37
462.051 234.109 481.953 236.086
288.482 177.532 266.675 174.619
288.177 321.35 318.107 323.387
420.005 191.748 398.208 188.769
316.933 333.404 316.093 359.39
364.73 57.2319 334.076 52.6092
182.101 4.21239 248.225 15.012
322.477 326.524 285.569 323.924
424.542 125.548 418.179 65.8859
497.779 335.583 466.853 333.437
166.623 325.143 165.757 353.129
378.919 223.771 373.602 157.985
148.346 30.731 178.159 34.0754
202.411 207.371 202.55 184.372
473.333 168.51 445.52 165.276
480.288 89.2406 469.942 110.896
134.846 322.179 176.825 323.482
335.478 371.702 330.349 266.827
238.22 75.599 237.751 55.6045
91.3088 134.45 90.2412 154.421
338.987 121.975 370.744 125.916
264.623 73.1409 265.411 103.131
303.028 216.213 299.683 149.297
342.286 160.633 343.741 180.58
261.782 47.0221 289.508 50.9282
310.52 25.1189 333.179 29.0644
434.937 229.172 433.015 209.265
368.011 87.5196 365.724 60.6166
402.303 40.6601 446.785 47.4629
237.63 139.828 215.657 138.733
138.763 312.332 175.68 314.801
370.68 118.147 368.004 89.2704
181.894 94.3559 181.543 74.3589
431.607 196.775 429.257 171.886
443.143 129.01 470.67 134.132
288.187 293.691 318.113 295.789
337.271 82.442 339.758 114.345
146.787 247.723 121.875 245.628
447.997 35.4934 354.334 19.6196
298.672 13.1054 450.544 38.6102
62.724 73.5763 64.3915 45.626
456.804 72.1562 434.138 68.2527
448.53 238.535 484.387 241.735
436.19 134.62 471.869 139.417
148.213 187.611 149.286 140.623
140.232 283.103 168.167 285
185.537 371.128 186.484 253.132
216.338 282.375 214.926 319.348
267.237 68.3729 288.042 71.2279
388.474 128.432 418.256 132.04
92.5269 154.292 114.385 156.788
339.621 78.7415 359.402 81.6964
238.83 99.8406 238.372 76.8452
264.482 200.593 265.487 180.618
296.802 86.8636 294.935 46.9073
279.238 223.264 303.074 226.057
133.894 311.592 135.4 265.618
467.251 331.418 498.188 333.378
483.228 234.176 477.897 190.5
437.665 97.1692 441.484 126.925
375.129 318.73 394.777 304.948
20.6809 194.064 40.5796 196.074
216.458 336.531 221.069 245.648
89.8671 162.493 88.0607 194.442
227.988 44.2249 208.102 42.0927
492.329 197.286 497.207 236.988
54.5606 193.746 57.3477 146.829
263.538 151.813 295.446 154.231
343.027 184.884 345.434 221.806
285.762 298.653 286.72 320.632
391.712 92.2376 394.728 123.09
260.692 104.978 284.576 107.328
84.872 198.044 88.3722 133.138
338.415 228.858 369.308 231.432
198.131 217.548 218.13 217.341
125.702 201.045 128.008 128.082
266.794 176.973 268.054 201.942
354.207 243.207 382.322 230.146
182.723 236.442 201.611 229.866
219.363 219.724 217.04 280.679
487.749 104.66 491.923 134.368
351.461 19.084 298.211 10.1171
151.126 168.629 150.677 200.626
132.927 210.935 185.767 215.048
171.22 244.605 198.139 246.7
3.69274 198.642 54.448 203.633
88.2125 130.633 123.1 133.441
399.569 191.341 402.101 218.221
180.96 206.869 181.66 141.873
251.133 5.28996 281.738 10.2265
213.02 342.478 211.079 369.408
399.144 219.289 380.917 227.522
227.451 1.81439 248.256 4.66548
75.8958 205.364 125.699 209.799
356.271 13.6865 404.612 21.6944
202.428 166.628 202.539 145.629
215.187 364.338 215.699 344.345
448.733 43.9168 356.962 28.8445
131.972 353.104 132.812 323.116
121.237 240.828 143.172 242.516
449.45 202.623 452.757 229.42
354.61 28.4145 253.995 11.6582
265.118 175.363 264.646 154.369
397.743 189.025 396.152 168.085
248 10.8981 223.317 6.93169
471.28 308.345 473.481 328.224
341.162 182.803 339.778 161.848
268.746 251.934 290.684 253.586
14.8326 139.817 10.8998 185.649
262.967 103.857 262.341 76.8642
337.018 114.018 334.949 83.0866
414.8 72.7869 419.168 124.603
16.869 189.49 40.7495 191.882
234.661 44.6483 235.366 100.644
362.403 62.3688 365.78 118.267
342.524 158.351 368.313 161.656
422.79 211.057 401.857 220.586
450.616 228.082 446.95 204.363
291.764 52.2163 293.464 108.191
179.061 35.8711 178.862 56.8701
12.7886 188.954 17.898 143.239
424.675 169.97 428.476 200.736
370.006 163.634 375.508 224.386
178.049 140.872 177.436 206.869
296.016 154.965 299.745 216.853
461.855 94.5959 462.98 115.566
286.054 361.603 285.576 330.606
360.983 116.742 358.584 86.8382
165.073 168.125 165.078 203.125
19.5403 146.877 50.3018 150.715
51.7046 149.934 48.7095 191.827
471.684 175.787 478.756 233.355
124.12 134.91 122.518 201.89
284.393 267.913 323.299 270.616
324.636 273.513 327.173 314.434
327.815 330.956 329.506 371.921
496.264 285.195 498.61 308.075
289.155 106.859 287.785 76.8905
287.784 155.847 289.065 175.805
311.544 300.703 311.199 320.7
110.58 162.395 109.983 189.388
469.741 365.307 466.687 340.494
162.339 353.409 134.356 352.428
462.503 280.23 494.409 282.689
498.854 329.256 493.827 285.544
181.992 260.624 181.461 315.621
136.788 255.563 180.66 258.91
492.861 366.379 471.874 365.653
178.878 71.1255 178.901 93.1255
310.847 272.113 315.196 294.698
404.781 223.137 424.564 213.512
287.166 299.278 308.101 300.934
313.859 359.158 286.865 358.593
181.02 321.899 179.928 371.887
470.703 369.601 495.677 370.737
419.281 353.225 394.308 352.053
369.134 184.361 367.433 164.434
119.61 199.125 119.083 163.129
42.0818 28.0599 64.4328 39.2597
139.383 289.755 164.341 291.204
287.414 179.497 288.508 214.48
92.096 160.142 113.028 161.826
37.2166 193.413 14.3105 191.336
373.137 222.788 370.377 186.894
448.626 354.958 420.626 354.97
120.011 156.79 121.581 136.852
414.181 123.402 411.051 95.5771
297.421 216.331 295.765 179.369
288.881 363.428 316.88 363.63
491.738 284.838 461.818 282.647
393.362 71.2981 413.096 74.5498
133.068 266.156 132.104 288.135
176.691 312.632 176.282 290.636
428.227 213.963 425.721 193.113
319.693 321.582 318.947 300.596
231.757 98.3773 231.487 69.3786
289.625 360.625 310.625 360.625
135.515 350.382 136.25 324.393
174.091 162.819 175.542 141.869
289.018 291.4 308.298 277.108
173.016 197.127 173.46 168.13
324.273 334.115 325.087 358.101
176.971 324.898 176.367 351.892
388.543 14.3862 418.104 19.4951
359.894 9.28731 385.462 14.0073
355.159 195.846 358.032 215.638
