num = 1030
0 148 43 144
56 66 258 41
258 41 309 111
312 175 322 263
349 255 369 271
447 81 447 109
405 304 403 266
652 72 662 157
636 76 640 114
0 519 693 519
674 348 655 351
655 351 651 329
651 329 673 329
314 299 310 341
321 355 324 310
636 473 664 474
664 474 637 476
343 320 346 300
147 77 166 83
171 98 162 117
162 117 142 126
308 383 307 430
354 510 386 514
291 486 300 252
339 292 336 496
326 500 326 470
387 378 428 415
427 409 425 381
395 438 397 401
434 504 431 483
0 220 26 218
630 173 628 147
6 243 0 292
395 490 394 454
463 169 461 145
426 252 482 257
482 257 426 257
674 322 652 323
29 229 0 231
179 69 146 62
146 62 119 76
547 159 547 181
550 184 549 161
0 210 23 208
620 198 643 203
45 177 48 146
526 248 523 222
510 222 508 252
567 249 567 224
554 223 554 249
426 175 445 174
27 224 0 226
598 251 595 225
653 260 622 261
622 261 651 263
484 335 481 287
536 267 535 286
672 198 693 200
577 197 608 197
594 253 592 224
32 255 36 236
550 224 550 249
575 401 580 439
665 179 668 199
487 198 485 222
485 222 484 198
491 194 523 195
569 288 570 308
124 208 129 171
29 283 20 331
0 510 169 515
649 380 650 403
661 404 662 428
232 165 237 130
28 304 21 344
490 192 523 193
636 462 684 461
222 298 220 340
152 408 148 451
1 452 9 403
52 441 48 476
133 169 129 206
574 224 574 201
296 157 294 126
296 124 301 146
56 265 46 300
248 438 253 414
492 376 492 352
99 478 102 438
137 439 133 477
46 335 39 353
61 378 57 405
97 439 93 477
234 476 208 475
114 477 119 441
370 507 371 481
365 481 365 504
360 507 359 477
276 104 280 125
621 272 609 248
609 248 609 226
0 236 26 235
578 287 576 264
212 321 214 301
69 407 64 450
33 440 29 475
285 508 245 500
237 416 233 444
80 303 74 342
162 300 159 341
159 341 164 302
154 408 150 451
222 511 225 490
225 490 225 515
375 267 387 271
257 20 256 20
674 348 675 347
396 328 428 367
412 325 413 326
462 475 462 478
323 383 321 383
624 473 625 473
302 337 310 341
328 310 327 310
636 473 634 473
124 100 123 101
308 437 308 442
689 279 690 283
419 399 422 402
444 516 447 516
135 110 134 113
414 395 411 392
161 115 158 104
684 385 686 386
394 348 392 348
167 16 165 16
420 451 422 453
159 102 161 97
414 414 414 416
405 408 405 409
302 339 312 341
141 92 141 87
148 82 146 82
368 344 377 351
396 400 397 401
146 107 146 94
434 427 436 441
467 144 472 150
424 502 418 498
590 396 589 394
677 233 678 222
644 395 644 393
415 494 405 492
670 375 677 375
369 455 367 457
430 265 433 278
438 294 433 306
426 246 426 257
655 250 661 237
672 383 675 385
247 61 246 48
378 458 381 461
425 178 429 178
237 196 232 189
551 442 549 444
313 259 313 250
446 438 440 442
449 290 443 288
590 437 589 438
538 438 540 441
650 209 647 223
516 445 516 449
557 245 550 248
523 449 524 447
266 178 267 192
488 439 493 439
231 201 231 207
610 253 598 251
653 260 654 261
508 307 507 307
227 277 225 290
537 450 539 452
565 450 562 449
457 230 460 216
602 454 606 450
287 246 279 253
496 321 495 324
444 457 437 457
244 114 235 118
588 193 585 195
130 297 122 292
598 309 595 308
89 81 90 82
34 218 33 232
282 377 278 377
541 379 540 379
552 509 563 502
666 198 668 199
631 439 630 440
286 309 283 323
464 219 462 217
226 160 212 161
508 161 521 156
641 311 638 323
149 335 149 331
599 451 597 443
540 183 537 197
188 265 199 257
196 291 184 293
283 289 287 291
208 205 221 205
261 175 258 175
361 476 347 474
587 358 597 362
252 342 251 344
685 442 693 449
634 453 636 462
692 189 686 198
82 119 89 116
136 295 138 297
183 143 172 134
252 303 254 301
110 354 113 354
240 486 241 494
144 254 156 255
508 253 512 251
91 355 91 357
141 381 145 385
75 95 71 104
300 160 299 151
188 252 186 238
111 332 113 334
598 427 602 426
32 353 37 339
50 399 57 405
540 490 542 484
182 478 190 478
384 505 370 507
70 302 66 297
208 358 211 353
578 277 578 276
208 372 208 386
183 339 193 329
29 356 29 358
175 207 173 209
86 253 83 253
63 245 63 247
601 289 606 283
210 328 211 328
209 322 197 326
241 355 236 358
188 398 186 403
62 450 64 450
200 216 200 203
184 299 184 302
174 404 178 404
233 456 233 444
76 325 76 326
81 440 78 437
162 300 164 302
202 404 203 406
113 329 125 329
222 511 225 515
415 72 433 5
668 302 660 265
125 102 144 82
342 371 348 447
434 359 437 400
657 205 657 229
307 456 309 475
650 165 657 202
660 506 640 515
620 198 650 209
465 397 439 394
198 73 231 74
241 71 241 89
26 273 36 236
554 311 529 306
195 59 160 58
243 217 245 254
91 94 82 119
569 193 563 162
630 352 649 347
651 400 674 397
271 488 266 431
404 504 387 491
65 121 75 95
208 475 212 448
270 96 280 125
623 287 609 226
220 404 222 425
234 347 234 328
234 347 234 328
56 66 1 412
294 493 309 111
447 109 433 5
531 475 462 475
462 478 531 477
327 434 332 314
320 403 316 498
350 329 348 505
412 367 415 494
408 496 412 367
407 515 403 358
392 348 391 488
377 351 374 510
387 338 386 514
365 456 366 343
353 501 357 333
383 398 354 377
496 321 495 287
569 288 512 288
638 289 642 334
189 98 208 78
125 265 106 395
87 395 121 113
657 288 625 292
131 351 131 306
552 509 463 510
264 124 255 217
613 335 613 291
232 108 218 250
10 476 66 101
96 121 62 120
180 133 168 249
566 149 563 183
240 486 0 482
75 476 118 123
63 357 29 356
202 475 205 410
211 412 208 475
210 351 176 351
80 303 74 342
197 489 0 488
306 496 339 501
657 229 657 205
442 462 440 486
160 58 195 59
194 164 225 163
115 171 165 168
86 174 57 175
683 436 656 160
469 430 467 287
514 432 508 288
564 160 490 158
114 477 48 476
217 235 106 242
216 87 182 478
102 143 86 253
223 440 17 437
532 222 525 141
526 113 465 112
587 117 645 118
383 333 382 511
466 431 463 287
552 288 561 435
662 377 452 377
556 289 561 435
516 432 512 288
464 219 655 225
289 206 271 488
232 254 43 265
166 475 204 87
604 432 599 286
31 336 149 331
70 302 96 121
87 395 205 395
653 309 448 309
257 47 227 442
257 47 248 438
246 482 276 104
155 128 127 396
309 111 277 489
649 380 648 427
86 99 43 395
253 268 236 478
114 351 111 305
692 284 685 202
157 233 176 100
627 401 446 398
422 82 424 502
428 375 300 252
56 66 43 144
43 144 1 412
428 375 324 278
324 278 300 252
683 436 672 328
672 328 656 160
428 375 346 300
346 300 300 252
0 519 294 519
294 519 693 519
339 292 300 252
0 519 336 519
336 519 693 519
408 496 412 401
412 401 412 367
422 82 423 409
423 409 424 502
56 66 30 217
30 217 1 412
422 82 422 251
422 251 424 502
422 257 424 502
672 322 656 160
28 229 1 412
464 219 523 222
523 222 655 225
510 222 655 225
464 219 567 224
567 224 655 225
554 224 655 225
28 225 1 412
464 219 594 224
594 224 655 225
615 261 609 226
653 309 481 309
481 309 448 309
464 219 550 224
550 224 655 225
627 401 575 401
575 401 446 398
464 219 488 219
488 219 655 225
529 195 525 141
653 309 570 310
570 310 448 309
223 440 149 439
149 439 17 438
223 440 52 439
52 439 17 438
240 486 46 482
46 482 0 482
574 224 655 225
662 377 492 377
492 377 452 377
223 440 102 438
102 438 17 438
240 486 99 482
99 482 0 482
197 489 99 487
99 487 0 488
137 439 17 438
240 486 131 483
131 483 0 482
97 439 17 438
114 477 94 477
94 477 48 476
92 482 0 482
113 482 0 482
223 440 119 438
119 438 17 438
464 219 609 225
609 225 655 225
56 66 28 235
28 235 1 412
66 438 17 438
223 440 33 439
240 486 28 482
31 336 78 332
78 332 149 331
225 485 0 482
0 519 224 519
224 519 693 519
422 82 428 362
428 362 424 502
683 436 678 395
678 395 656 160
288 519 693 519
353 306 300 252
350 519 693 519
412 359 300 252
0 519 417 519
417 519 693 519
403 519 693 519
428 375 378 324
378 324 300 252
0 519 373 519
373 519 693 519
0 519 354 519
354 519 693 519
360 307 300 252
377 351 374 389
374 389 374 510
365 456 366 386
366 386 366 343
353 501 354 378
354 378 356 333
495 309 448 309
31 336 113 332
113 332 149 331
232 254 125 260
125 260 43 265
217 235 127 241
31 336 95 329
95 329 149 331
232 254 103 262
103 262 43 265
223 440 78 438
78 438 17 438
56 66 121 57
121 57 258 41
653 309 613 311
613 311 448 309
217 255 43 265
82 120 43 395
10 476 62 121
217 235 167 239
167 239 106 242
232 254 168 259
168 259 43 265
114 477 75 477
75 477 48 476
91 329 149 331
98 262 43 265
240 486 74 482
74 482 0 482
197 489 73 487
73 487 0 488
0 510 71 511
71 511 169 515
0 519 70 519
70 519 693 519
86 99 47 356
47 356 43 395
10 476 25 356
25 356 66 101
223 440 202 440
202 440 17 438
240 486 202 483
202 483 0 482
208 483 0 482
216 87 190 351
190 351 182 478
166 475 176 351
176 351 204 87
166 475 194 164
194 164 204 87
216 87 208 164
208 164 182 478
232 108 225 162
225 162 218 250
155 128 147 168
147 168 127 396
157 233 165 167
165 167 176 100
87 395 114 172
114 172 121 113
75 476 111 171
180 133 175 168
175 168 168 249
70 302 86 174
86 174 96 121
86 99 73 173
73 173 43 395
10 476 53 175
53 175 66 101
216 87 203 236
203 236 182 478
166 475 186 238
186 238 204 87
155 128 139 239
139 239 127 396
232 108 219 234
87 395 105 243
105 243 121 113
75 476 102 242
232 254 199 257
199 257 43 265
223 440 186 440
186 440 17 438
56 66 216 46
216 46 258 41
240 486 181 483
181 483 0 482
0 519 177 519
177 519 693 519
232 254 85 263
85 263 43 265
211 412 210 441
210 441 208 475
202 475 202 441
202 441 205 410
216 87 185 440
185 440 182 478
166 475 167 439
167 439 204 87
75 476 77 439
77 439 118 123
253 268 242 440
242 440 236 478
10 476 14 437
14 437 66 101
532 222 655 225
564 160 527 159
527 159 490 158
652 72 657 115
657 115 662 157
604 432 601 378
601 378 599 286
683 436 677 377
677 377 656 160
422 82 428 377
428 377 424 502
683 436 664 223
664 223 656 160
216 87 199 258
199 258 182 478
166 475 185 257
185 257 204 87
155 128 139 260
139 260 127 396
87 395 103 263
103 263 121 113
70 302 75 265
75 265 96 121
75 476 99 263
99 263 118 123
86 99 56 265
56 265 43 395
10 476 39 265
39 265 66 101
56 66 23 266
23 266 1 412
223 440 168 440
168 440 17 438
87 395 172 394
172 394 205 395
186 257 43 265
217 235 187 237
187 237 106 242
240 486 165 483
165 483 0 482
197 489 164 489
164 489 0 488
0 519 161 519
161 519 693 519
212 46 258 41
627 401 604 403
604 403 446 398
662 377 602 378
602 378 452 377
601 311 448 309
86 99 49 334
49 334 43 395
75 476 90 331
90 331 118 123
87 395 94 330
94 330 121 113
114 351 110 330
110 330 111 305
125 265 113 333
113 333 106 395
155 128 134 331
134 331 127 396
10 476 28 336
28 336 66 101
56 66 12 337
12 337 1 412
76 264 43 265
66 335 149 331
166 475 171 395
171 395 204 87
216 87 186 396
186 396 182 478
75 476 83 394
83 394 118 123
638 289 640 309
613 335 612 312
612 312 613 291
604 432 601 312
601 312 599 286
484 335 482 310
482 310 481 287
683 436 672 310
672 310 656 160
422 82 427 304
427 304 424 502
140 241 106 242
232 254 140 259
140 259 43 265
87 395 126 396
126 396 205 395
131 438 17 438
0 519 264 519
264 519 693 519
56 66 98 60
98 60 258 41
155 239 106 242
151 259 43 265
604 432 604 404
604 404 599 286
428 398 424 502
387 378 409 399
427 519 693 519
294 493 305 257
305 257 309 111
292 245 277 489
43 144 30 217
43 144 28 235
43 144 23 266
43 144 12 337
346 300 324 278
353 306 324 278
412 359 324 278
378 324 324 278
360 307 324 278
678 395 672 328
677 377 672 328
672 328 664 223
412 359 346 300
378 324 346 300
294 519 336 519
224 519 294 519
294 519 417 519
294 519 373 519
294 519 354 519
70 519 294 519
177 519 294 519
161 519 294 519
339 292 324 278
360 307 339 292
224 519 336 519
288 519 336 519
336 519 417 519
336 519 373 519
70 519 336 519
177 519 336 519
161 519 336 519
264 519 336 519
422 251 423 409
422 257 423 409
428 362 423 409
428 377 423 409
427 304 423 409
30 217 23 266
30 217 12 337
422 251 428 362
422 251 428 377
422 251 427 304
422 257 428 362
422 257 428 377
422 257 427 304
672 322 664 223
28 229 23 266
28 229 12 337
523 222 567 224
523 222 594 224
523 222 550 224
488 219 523 222
523 222 609 225
510 222 567 224
510 222 594 224
510 222 550 224
510 222 609 225
567 224 594 224
488 219 567 224
567 224 609 225
532 222 567 224
554 224 594 224
554 224 609 225
28 225 23 266
28 225 12 337
550 224 594 224
488 219 594 224
532 222 594 224
570 310 481 309
613 311 481 309
601 311 481 309
488 219 550 224
550 224 609 225
604 403 575 401
488 219 609 225
613 311 570 310
601 311 570 310
149 439 52 439
149 439 102 438
149 439 119 438
149 439 33 439
149 439 78 438
202 440 149 439
186 440 149 439
102 438 52 439
137 439 52 439
97 439 52 439
119 438 52 439
202 440 52 439
186 440 52 439
168 440 52 439
131 438 52 439
99 482 46 482
131 483 46 482
92 482 46 482
113 482 46 482
225 485 46 482
202 483 46 482
208 483 46 482
181 483 46 482
165 483 46 482
554 224 574 224
574 224 594 224
550 224 574 224
574 224 609 225
602 378 492 377
137 439 102 438
102 438 33 439
102 438 78 438
202 440 102 438
186 440 102 438
168 440 102 438
131 438 102 438
131 483 99 482
99 482 28 482
225 485 99 482
202 483 99 482
208 483 99 482
181 483 99 482
165 483 99 482
164 489 99 487
137 439 33 439
137 439 78 438
168 440 137 439
131 483 28 482
225 485 131 483
131 483 74 482
202 483 131 483
208 483 131 483
181 483 131 483
165 483 131 483
119 438 97 439
97 439 33 439
92 482 28 482
113 482 28 482
113 482 74 482
119 438 33 439
119 438 78 438
202 440 119 438
186 440 119 438
168 440 119 438
532 222 609 225
28 235 23 266
28 235 12 337
66 438 33 439
78 438 33 439
202 440 33 439
186 440 33 439
168 440 33 439
131 438 33 439
225 485 28 482
74 482 28 482
202 483 28 482
208 483 28 482
181 483 28 482
165 483 28 482
78 332 113 332
225 485 74 482
225 485 181 483
225 485 165 483
224 519 417 519
224 519 373 519
224 519 354 519
70 519 224 519
177 519 224 519
161 519 224 519
224 519 264 519
427 304 428 362
678 395 664 223
678 395 672 310
288 519 417 519
288 519 373 519
288 519 354 519
350 519 417 519
412 359 378 324
373 519 417 519
354 519 417 519
70 519 417 519
177 519 417 519
161 519 417 519
264 519 417 519
70 519 373 519
177 519 373 519
161 519 373 519
264 519 373 519
70 519 354 519
177 519 354 519
161 519 354 519
264 519 354 519
91 329 113 332
66 335 113 332
217 255 125 260
168 259 125 260
199 257 125 260
125 260 85 263
186 257 125 260
167 239 127 241
187 237 127 241
66 335 95 329
125 260 103 262
217 255 103 262
168 259 103 262
199 257 103 262
186 257 103 262
140 259 103 262
151 259 103 262
202 440 78 438
186 440 78 438
168 440 78 438
131 438 78 438
121 57 216 46
217 255 168 259
217 255 85 263
217 255 140 259
82 120 47 356
82 120 73 173
82 120 56 265
82 120 49 334
187 237 167 239
199 257 168 259
168 259 85 263
52 439 77 438
97 439 77 438
202 483 74 482
208 483 74 482
181 483 74 482
165 483 74 482
164 489 73 487
70 519 177 519
70 519 161 519
70 519 264 519
73 173 47 356
56 265 47 356
25 356 62 121
25 356 53 175
14 437 25 356
25 356 39 265
202 440 168 440
202 483 165 483
208 483 165 483
208 164 190 351
203 236 190 351
190 351 185 440
199 258 190 351
190 351 186 396
176 351 194 164
176 351 186 238
167 439 176 351
176 351 185 257
171 395 176 351
186 238 194 164
167 439 194 164
185 257 194 164
171 395 194 164
208 164 203 236
208 164 185 440
208 164 199 258
208 164 186 396
225 162 219 234
105 243 115 171
103 263 115 171
94 330 115 171
147 168 139 239
147 168 139 260
147 168 134 331
77 439 111 171
99 263 111 171
90 331 111 171
83 394 111 171
75 265 86 174
73 173 56 265
73 173 49 334
53 175 62 121
14 437 53 175
39 265 53 175
28 336 53 175
203 236 185 440
203 236 199 258
203 236 186 396
167 439 186 238
171 395 186 238
139 239 139 260
139 239 134 331
103 263 106 242
94 330 106 242
77 439 102 242
90 331 102 242
83 394 102 242
199 257 85 263
199 257 140 259
98 60 216 46
177 519 264 519
186 257 85 263
140 259 85 263
151 259 85 263
199 258 185 440
186 396 185 440
167 439 185 257
167 439 171 395
77 438 99 263
77 438 90 331
77 438 83 394
14 437 62 121
14 437 39 265
14 437 28 336
510 222 532 222
601 378 601 312
604 404 601 378
677 377 664 223
677 377 672 310
427 304 428 377
672 310 664 223
199 257 186 396
171 395 185 257
139 260 134 331
94 330 103 262
99 263 102 242
90 331 99 263
83 394 99 263
56 265 49 334
39 265 62 121
28 336 39 265
23 266 12 337
126 396 172 394
217 255 185 257
185 257 140 259
161 519 264 519
83 394 90 331
28 336 62 121
103 262 75 265
98 262 75 264
604 404 601 311
