num = 1268
402 327 382 313
406 346 368 348
398 347 401 327
472 375 448 368
448 368 427 348
427 348 448 365
463 296 463 276
463 276 498 276
323 220 321 252
151 373 154 395
149 314 130 317
129 323 112 342
133 300 113 302
445 188 469 193
445 282 446 263
446 263 391 250
389 246 409 251
349 229 348 256
361 233 361 259
655 107 676 108
668 136 658 116
346 306 353 327
353 327 348 353
348 344 341 311
112 364 110 393
118 400 117 448
127 448 126 420
126 420 132 395
424 346 421 327
96 284 56 286
441 439 445 410
445 410 436 366
430 366 418 424
534 311 556 282
554 281 537 301
586 187 592 207
597 452 574 424
223 477 203 468
625 299 649 300
639 317 617 315
286 430 296 459
296 459 272 461
589 437 588 369
588 369 699 363
561 103 574 118
655 435 678 432
485 331 482 304
548 391 551 445
551 445 569 432
698 488 685 445
175 467 207 466
426 285 414 302
668 25 668 52
522 486 532 507
537 508 544 487
403 115 405 140
169 371 165 334
165 334 277 322
277 322 309 331
625 161 606 160
585 158 589 136
209 248 14 255
364 296 383 298
357 97 354 127
698 495 682 451
420 425 412 444
402 444 414 364
390 363 368 352
572 362 686 359
686 359 689 333
689 333 611 324
611 324 550 337
550 337 553 370
589 192 610 196
551 330 688 326
302 415 299 395
334 357 339 378
358 365 355 344
438 108 438 127
153 174 154 212
154 212 156 174
698 396 694 430
512 158 511 193
275 245 279 211
483 10 424 11
422 15 438 27
589 98 628 104
627 217 649 214
467 377 468 429
468 429 487 465
487 465 517 473
305 10 338 48
637 134 665 136
152 516 142 480
665 198 643 206
40 104 33 122
138 364 137 406
15 216 14 180
14 180 12 215
421 264 418 284
272 317 302 314
308 324 272 319
563 442 584 441
469 410 479 450
651 80 654 101
419 154 419 132
419 132 421 154
474 424 470 389
403 21 403 58
558 280 699 272
74 337 73 317
151 461 148 440
388 136 428 171
615 162 617 187
285 407 286 374
452 413 450 377
291 274 315 277
327 274 301 268
689 47 687 26
538 208 539 189
200 321 166 326
169 319 207 319
586 111 585 82
60 327 57 305
591 243 612 240
414 317 424 298
490 399 484 379
367 58 401 69
473 323 477 304
194 15 195 55
448 59 449 40
384 220 355 208
461 81 441 82
189 453 209 449
70 174 70 215
70 215 72 174
536 44 535 17
457 240 527 242
489 130 489 105
387 217 386 151
71 69 70 111
233 233 237 174
347 11 367 28
39 312 35 332
331 509 339 486
543 419 525 357
15 0 15 21
254 172 250 199
585 251 586 228
661 21 628 18
628 18 661 19
488 42 488 14
537 136 538 105
440 110 439 132
182 372 305 369
73 70 72 110
139 351 161 351
294 439 312 443
311 353 312 328
475 296 451 302
460 308 479 296
547 404 539 374
663 460 682 459
144 362 143 437
18 0 17 22
545 246 565 243
552 447 546 511
514 298 511 316
81 354 57 352
539 286 502 282
444 222 454 242
699 254 676 249
217 186 221 165
159 507 160 474
640 425 637 405
637 405 637 424
21 352 20 287
180 445 161 447
669 375 692 375
541 280 523 266
591 378 636 375
594 404 620 403
596 453 573 454
222 438 224 414
416 443 436 438
666 482 684 494
52 367 109 366
651 467 619 457
436 342 436 315
591 279 687 278
1 302 2 336
699 501 673 499
66 506 45 514
635 468 614 474
609 480 638 481
638 481 665 494
485 468 420 467
107 392 0 395
257 301 229 297
411 374 389 375
222 502 241 504
342 387 387 386
230 519 207 513
608 217 615 218
376 328 387 328
45 324 48 325
324 297 314 295
666 53 658 45
308 250 318 243
250 256 259 265
361 284 357 281
349 202 345 190
659 59 652 71
161 374 154 368
601 233 603 233
354 203 357 193
368 166 366 167
147 303 149 314
635 107 632 101
508 198 510 198
684 129 694 135
460 231 460 230
412 219 420 223
523 198 522 198
510 427 498 433
479 290 465 293
614 204 613 207
396 157 396 159
607 203 607 204
393 243 396 245
547 197 552 189
425 342 424 341
138 313 145 305
528 307 537 301
698 0 690 0
403 195 401 195
586 187 589 199
0 276 0 280
598 254 605 261
614 449 614 438
699 148 699 151
413 170 411 170
534 209 535 200
574 7 573 15
542 188 537 190
563 256 553 256
0 232 0 227
507 446 513 451
370 102 371 103
678 432 684 426
378 116 376 115
380 236 369 233
617 257 611 260
349 432 340 441
635 158 635 160
616 155 614 155
411 273 421 278
636 442 636 444
304 55 301 65
559 44 561 44
688 111 694 118
565 200 558 199
326 110 334 116
403 139 405 140
128 445 128 447
516 68 529 67
322 430 318 439
483 189 471 185
42 298 42 312
585 158 589 157
493 320 491 320
543 138 545 150
357 97 354 105
47 363 47 361
513 44 514 43
243 239 246 239
544 379 558 376
307 403 299 395
488 425 485 416
421 176 419 176
514 9 525 0
36 131 41 127
181 421 179 421
156 164 159 171
510 44 510 43
537 63 536 53
252 107 261 106
470 151 469 154
433 45 438 42
589 184 603 189
412 321 411 321
492 425 494 422
100 60 100 64
187 201 185 201
7 307 6 300
97 352 105 355
683 433 679 441
118 59 120 62
253 15 253 14
103 209 103 208
152 516 134 395
464 103 475 97
105 98 104 100
411 148 415 151
282 138 282 140
43 243 45 244
468 271 462 263
467 43 467 41
144 97 143 95
89 123 89 121
26 124 33 122
343 292 347 299
244 122 245 121
631 51 643 49
587 152 589 155
503 298 505 312
283 118 282 123
648 161 649 163
642 203 634 191
322 195 320 194
240 251 246 255
35 350 34 339
276 43 273 42
132 57 135 58
175 111 177 110
567 188 572 197
642 92 644 99
15 216 7 228
122 203 122 205
424 288 418 284
108 97 108 99
577 95 568 106
130 157 143 164
132 202 133 202
272 312 272 319
567 435 580 433
116 10 123 4
572 93 560 94
207 155 215 148
419 154 421 154
113 289 127 288
64 304 75 311
74 303 73 317
42 65 36 68
431 166 428 179
167 431 162 437
570 100 578 102
48 106 45 103
222 440 211 449
104 13 104 6
246 99 245 99
245 65 248 61
596 92 609 97
544 458 539 448
555 0 550 12
459 96 449 91
578 199 583 208
695 47 699 43
55 136 57 144
540 198 539 189
271 240 274 242
381 175 379 185
692 72 682 66
275 135 274 137
200 321 207 319
349 207 351 208
57 305 50 313
554 372 550 366
14 65 14 115
10 125 17 137
187 55 187 49
41 366 49 361
193 89 193 91
653 253 641 260
438 107 447 108
466 375 467 387
504 202 509 195
480 214 492 215
279 31 281 42
570 176 573 190
70 174 72 174
534 30 534 29
458 227 464 236
489 130 491 131
215 196 215 197
135 209 136 208
28 11 32 24
451 92 457 93
615 131 615 118
642 153 635 149
166 411 163 402
154 82 155 81
623 120 618 114
179 161 181 161
239 112 236 121
611 244 617 244
113 319 105 316
34 319 35 332
653 430 641 427
256 231 253 240
577 392 572 379
672 172 665 161
45 11 46 9
181 87 174 88
125 175 129 182
406 268 400 274
589 139 599 150
442 201 441 199
664 24 661 19
622 126 626 124
428 163 428 159
442 271 436 266
45 105 50 107
123 165 126 165
275 24 272 26
179 199 184 198
107 167 104 166
98 66 97 65
91 201 88 201
630 244 643 246
96 330 90 318
672 435 676 438
27 102 41 101
311 427 316 439
204 197 201 198
542 16 551 14
103 320 112 324
420 317 425 326
174 412 169 398
699 53 696 50
38 175 26 183
675 187 665 191
487 447 481 448
517 16 510 15
663 460 677 457
110 173 117 182
447 129 459 128
450 113 460 114
545 152 545 138
348 274 341 282
138 71 134 70
207 58 206 69
525 111 514 118
668 248 678 254
66 332 63 335
439 90 441 101
79 344 80 346
658 36 654 29
395 27 383 26
672 246 662 244
449 140 463 138
304 234 304 229
621 137 612 131
77 159 79 172
431 209 445 204
641 28 642 29
74 0 71 0
518 313 526 318
553 247 556 247
56 359 58 355
217 205 218 196
283 385 280 378
478 109 482 113
215 106 211 113
505 186 510 187
282 409 280 411
699 254 699 248
460 214 470 204
277 411 283 412
154 159 147 164
261 265 261 268
567 233 560 231
480 25 472 34
589 128 586 125
192 411 194 401
10 137 10 151
150 51 149 40
158 161 165 173
219 19 221 10
221 47 219 35
469 341 473 338
609 399 602 386
602 386 607 386
273 406 262 407
690 124 679 133
62 239 61 243
228 431 240 427
206 429 213 417
379 61 382 60
638 399 632 399
608 436 596 434
220 395 224 388
222 311 220 308
646 396 658 390
146 511 145 508
601 412 610 405
364 505 354 494
410 468 401 476
378 492 371 491
232 516 239 517
409 406 406 419
40 479 49 477
368 337 393 332
325 146 322 192
311 232 308 212
151 373 163 411
130 317 112 342
632 101 655 105
668 136 648 110
691 216 695 185
346 278 355 298
127 448 132 395
447 404 455 422
386 93 394 73
608 266 645 268
241 472 223 477
203 468 170 470
650 313 617 315
286 409 296 459
457 257 442 242
186 389 186 427
660 215 687 220
695 83 688 111
537 508 543 460
651 264 699 269
511 403 518 439
496 462 514 455
156 382 161 401
493 407 494 381
291 274 327 285
585 0 589 21
522 364 527 413
586 111 585 72
331 509 341 447
527 365 529 431
430 318 442 299
281 87 282 115
663 230 699 236
338 260 340 280
524 269 539 286
437 347 460 345
441 213 460 214
496 131 516 131
178 270 207 259
161 279 142 282
464 307 474 332
214 13 217 44
11 152 11 180
43 203 49 174
633 432 605 427
666 482 696 496
113 432 88 435
66 506 18 520
635 468 604 471
601 476 638 481
32 365 6 366
188 509 241 504
239 517 207 513
509 177 505 186
48 26 46 9
475 270 462 263
311 20 338 48
163 387 163 411
163 387 167 429
147 371 156 429
346 306 368 348
310 56 306 187
653 79 699 77
191 236 341 257
261 268 290 263
512 421 512 381
532 507 512 381
387 270 215 243
415 287 411 124
651 80 668 136
389 294 392 105
132 395 127 448
106 357 108 307
83 284 88 340
410 277 405 165
566 402 597 452
384 266 381 112
543 440 544 487
307 389 309 331
528 44 529 86
26 299 29 350
512 381 542 473
363 363 414 364
140 116 89 121
504 383 480 446
331 509 341 447
331 509 334 357
38 245 41 146
496 43 496 77
262 0 259 241
109 3 108 240
134 395 152 516
89 100 124 98
274 242 279 117
45 11 43 243
58 208 27 209
451 41 482 42
128 0 127 239
33 122 42 77
206 167 207 235
528 189 527 138
658 141 662 188
323 499 318 383
334 118 300 98
122 174 122 240
420 223 424 288
143 175 141 239
175 157 207 155
214 376 169 371
303 373 169 371
222 440 312 443
60 125 30 130
484 379 491 421
425 123 317 18
208 90 175 91
215 169 214 214
219 26 216 99
156 103 156 62
497 270 468 271
323 461 328 431
585 0 582 52
502 384 495 406
697 368 691 427
210 18 204 85
7 0 4 227
190 391 196 440
87 0 84 226
609 384 610 424
272 431 274 393
266 411 192 413
276 387 214 391
604 421 602 386
647 482 696 496
27 434 108 435
406 419 351 424
503 467 525 443
441 439 467 437
502 88 508 108
628 455 677 455
113 122 143 118
207 12 176 17
586 47 617 48
437 303 453 291
384 220 355 208
201 451 227 452
474 332 464 307
668 381 630 383
281 468 302 467
302 314 272 317
536 504 514 370
251 239 253 30
246 5 243 239
560 316 683 316
0 250 387 270
335 304 338 48
467 189 463 41
155 508 144 362
286 374 296 459
0 276 327 274
674 0 679 200
383 84 296 4
147 117 145 25
605 427 657 425
696 496 609 480
30 439 110 432
498 154 575 160
141 160 89 162
232 3 229 201
286 0 284 245
650 188 647 50
464 228 699 236
559 44 560 191
106 357 0 356
99 338 91 4
645 187 643 49
617 48 620 183
513 44 515 189
483 189 482 42
601 33 603 189
450 133 532 133
510 44 510 187
451 159 575 156
174 237 176 0
61 34 59 242
631 200 623 16
617 193 687 220
501 434 494 381
343 82 341 257
555 45 556 192
699 223 444 219
426 285 427 60
293 2 299 248
196 440 183 375
274 0 271 240
236 247 388 275
83 284 82 336
584 134 585 82
444 219 569 212
27 242 28 11
262 0 270 172
472 383 488 420
349 85 353 260
360 94 365 262
574 9 574 208
391 250 687 264
329 69 331 509
558 160 444 153
191 236 191 0
448 64 644 67
699 248 460 231
494 415 511 334
699 248 460 247
191 236 321 252
321 252 341 257
0 250 321 257
321 257 387 270
426 285 426 261
426 261 427 60
420 223 422 260
422 260 424 288
415 256 411 124
410 277 407 255
407 255 405 165
389 294 393 251
393 251 392 105
393 246 392 105
406 250 405 165
0 250 348 262
348 262 387 270
387 270 349 262
349 262 215 243
655 107 668 136
674 0 676 108
676 108 679 200
650 188 650 106
650 106 647 50
353 327 368 348
99 338 96 284
96 284 91 4
222 440 291 439
544 379 587 360
431 166 405 147
99 338 91 253
91 253 91 4
363 363 390 363
390 363 414 364
451 159 512 158
512 158 575 156
558 160 512 157
191 236 275 245
275 245 341 257
0 250 274 249
274 249 387 270
601 33 601 100
601 100 603 189
617 48 617 101
617 101 620 183
631 200 629 104
629 104 623 16
584 134 586 98
519 473 512 381
645 187 644 135
644 135 643 49
650 188 650 135
650 135 647 50
617 193 645 206
645 206 687 220
422 259 687 264
389 294 393 141
393 141 392 105
415 287 414 158
414 158 411 124
426 285 428 169
428 169 427 60
287 373 169 371
182 372 286 369
329 69 330 274
330 274 331 509
699 248 604 240
604 240 460 231
425 123 367 58
367 58 317 18
467 189 465 81
465 81 463 41
450 133 489 133
489 133 532 133
191 236 231 239
231 239 341 257
0 250 231 242
231 242 387 270
699 248 585 248
585 248 460 247
585 239 460 231
464 228 586 228
586 228 699 236
307 389 306 369
306 369 309 331
329 69 331 369
331 369 331 509
106 357 20 355
589 437 589 404
589 404 588 369
266 411 224 412
224 412 192 413
331 509 339 387
339 387 334 357
329 69 334 387
334 387 331 509
645 187 644 100
644 100 643 49
654 103 668 136
650 112 647 50
644 107 643 49
425 123 392 86
392 86 317 18
330 286 331 509
448 64 584 68
584 68 644 67
512 381 528 440
528 440 542 473
339 260 387 270
236 247 337 267
337 267 388 275
0 276 179 269
179 269 327 274
118 400 116 431
674 0 677 78
677 78 679 200
650 188 647 80
645 187 644 80
644 80 643 49
329 69 329 255
329 255 331 509
335 304 338 257
338 257 338 48
236 247 290 262
290 262 388 275
391 270 392 105
415 257 687 264
407 103 317 18
0 276 82 274
82 274 327 274
448 64 529 67
529 67 644 67
30 357 0 356
99 338 89 121
89 121 91 4
87 0 85 121
85 121 84 226
501 434 493 415
0 250 37 248
37 248 387 270
209 248 36 254
448 64 496 64
496 64 644 67
99 338 89 100
89 100 91 4
87 0 85 100
85 100 84 226
236 247 274 254
274 254 388 275
0 276 274 268
274 268 327 274
61 34 58 208
58 208 59 242
38 245 40 209
40 209 41 146
27 242 27 209
27 209 28 11
207 237 341 257
0 250 207 242
207 242 387 270
525 157 575 156
525 155 444 153
329 69 328 117
328 117 331 509
310 56 307 104
307 104 306 187
293 2 300 98
300 98 299 248
335 304 339 119
339 119 338 48
120 161 89 162
0 250 122 245
122 245 387 270
209 248 122 250
122 250 14 255
0 250 140 244
140 244 387 270
209 248 139 250
139 250 14 255
308 373 309 331
286 374 290 439
323 499 318 444
318 444 318 383
61 34 59 124
59 124 59 242
27 242 27 130
27 130 28 11
492 417 480 446
426 285 427 125
427 125 427 60
0 250 84 247
84 247 387 270
209 248 84 252
84 252 14 255
222 440 270 438
270 438 312 443
196 440 192 413
410 418 414 364
331 509 341 424
341 424 334 357
532 507 516 457
516 457 512 381
536 504 526 440
89 246 91 4
383 84 339 45
425 123 339 34
558 160 465 152
469 219 569 212
460 11 424 11
94 273 91 4
335 276 338 48
653 79 678 78
678 78 699 77
679 222 444 219
464 228 679 234
574 9 571 158
571 158 575 208
99 338 89 162
89 162 91 4
87 0 85 161
85 161 84 226
217 239 341 257
650 208 687 220
429 224 427 60
95 273 327 274
91 252 14 255
90 246 387 270
448 64 617 69
617 69 644 67
448 64 601 70
601 70 644 67
699 223 603 215
603 215 444 219
467 189 465 134
465 134 463 41
467 189 466 160
466 160 463 41
528 189 525 158
525 158 527 138
426 159 427 60
0 250 59 247
59 247 387 270
209 248 59 253
59 253 14 255
0 276 59 274
59 274 327 274
699 223 633 221
633 221 444 219
464 228 633 230
633 230 699 236
429 220 427 60
415 287 414 221
414 221 411 124
410 277 406 223
406 223 405 165
389 294 393 224
393 224 392 105
391 250 426 260
426 260 687 264
191 236 300 248
300 248 341 257
0 250 299 253
299 253 387 270
299 262 388 275
0 276 299 267
329 268 331 509
337 268 338 48
392 276 392 105
27 249 387 270
27 275 327 274
504 383 489 422
573 68 644 67
699 223 574 213
574 213 444 219
464 228 571 228
571 228 699 236
699 248 570 237
570 237 460 231
343 82 342 235
335 304 339 234
339 234 338 48
330 258 387 270
330 267 388 275
465 154 463 41
572 162 575 208
426 285 426 152
426 152 427 60
467 189 464 64
464 64 463 41
574 9 573 69
573 69 575 208
601 33 601 71
601 71 603 189
617 48 617 70
617 70 620 183
631 200 627 67
627 67 623 16
643 69 643 49
674 0 676 63
676 63 679 200
426 285 426 203
426 203 427 60
426 250 427 60
422 250 424 288
416 251 411 124
275 245 321 252
231 239 321 252
207 237 321 252
217 239 321 252
300 248 321 252
321 257 215 243
274 249 321 257
37 248 321 257
207 242 321 257
122 245 321 257
140 244 321 257
84 247 321 257
90 246 321 257
59 247 321 257
27 249 321 257
426 260 428 169
426 260 427 125
426 260 426 152
426 260 426 203
415 257 414 158
415 257 414 221
407 255 406 223
393 250 393 141
391 270 393 250
393 250 393 224
392 276 393 250
393 246 393 141
393 246 393 224
406 250 406 223
274 249 348 262
37 248 348 262
207 242 348 262
122 245 348 262
140 244 348 262
84 247 348 262
90 246 348 262
59 247 348 262
299 253 348 262
27 249 348 262
677 78 676 108
676 63 676 108
96 284 91 253
96 284 89 121
96 284 89 100
96 284 89 162
270 438 290 439
290 439 312 443
91 253 89 121
91 253 89 100
94 273 91 253
91 253 89 162
231 239 275 245
207 237 275 245
217 239 275 245
275 245 300 248
274 249 215 243
37 248 274 249
207 242 274 249
122 245 274 249
140 244 274 249
84 247 274 249
90 246 274 249
59 247 274 249
27 249 274 249
601 71 601 100
617 70 617 101
629 104 627 67
644 135 644 100
644 135 644 80
650 135 650 106
650 135 647 80
391 270 393 141
393 224 393 141
392 276 393 141
414 221 414 158
416 251 414 158
428 169 427 125
429 224 428 169
429 220 428 169
426 203 428 169
426 250 428 169
330 274 331 369
330 274 334 387
328 117 330 274
604 240 570 237
367 58 392 86
407 103 367 58
367 58 339 34
465 134 465 81
466 160 465 81
465 154 465 81
231 239 300 248
349 262 231 242
37 248 231 242
122 245 231 242
140 244 231 242
84 247 231 242
90 246 231 242
59 247 231 242
27 249 231 242
586 228 679 234
586 228 633 230
330 286 331 369
329 255 331 369
328 117 331 369
329 268 331 369
341 424 339 387
330 286 334 387
329 255 334 387
328 117 334 387
329 268 334 387
650 103 647 80
650 112 647 80
407 103 392 86
392 86 339 34
329 255 330 286
529 67 584 68
496 64 584 68
584 68 617 69
290 262 337 267
274 254 337 267
299 262 337 267
82 274 179 269
179 269 274 268
95 273 179 269
59 274 179 269
179 269 299 267
27 275 179 269
328 117 329 255
338 257 339 119
338 257 339 234
391 270 393 224
407 103 339 34
82 274 274 268
82 274 299 267
27 275 82 274
496 64 529 67
529 67 617 69
529 67 601 70
89 121 89 100
89 246 89 121
94 273 89 121
89 162 89 121
85 121 85 161
37 248 207 242
37 248 122 245
37 248 140 244
37 248 84 247
37 248 299 253
122 250 36 254
139 250 36 254
84 252 36 254
91 252 36 254
496 64 617 69
496 64 601 70
89 246 89 100
94 273 89 100
89 162 89 100
85 100 85 161
95 273 274 268
59 274 274 268
27 275 274 268
59 124 58 208
27 209 27 130
207 237 300 248
122 245 207 242
140 244 207 242
84 247 207 242
90 246 207 242
59 247 207 242
207 242 299 253
27 249 207 242
525 155 465 152
335 276 339 119
337 268 339 119
339 234 339 119
84 247 122 245
90 246 122 245
59 247 122 245
122 245 299 253
27 249 122 245
122 250 84 252
122 250 59 253
84 247 140 244
90 246 140 244
59 247 140 244
140 244 299 253
27 249 140 244
139 250 84 252
139 250 59 253
429 224 427 125
426 159 427 125
429 220 427 125
426 203 427 125
426 250 427 125
84 247 299 253
27 249 84 247
89 246 89 162
679 222 469 219
603 215 469 219
633 221 469 219
574 213 469 219
94 273 89 162
335 276 339 234
679 222 603 215
679 222 633 221
679 222 574 213
633 230 679 234
571 228 679 234
573 69 571 158
217 239 300 248
426 261 429 224
429 224 426 152
59 274 94 273
94 273 299 267
90 252 59 253
59 247 89 246
89 246 299 253
573 68 617 69
573 68 601 70
633 221 603 215
466 160 464 133
465 154 464 133
464 133 464 64
466 159 464 64
59 247 299 253
27 249 59 247
59 274 299 267
27 275 59 274
633 221 574 213
571 228 633 230
429 220 426 152
426 250 429 220
416 251 414 221
392 276 393 224
299 253 215 243
27 249 299 253
27 275 299 267
337 267 339 234
349 262 329 258
329 258 215 243
299 253 329 258
465 152 464 64
426 203 426 152
426 250 426 152
426 250 426 203
