num = 857
1 1 1 373
205 95 204 39
309 263 371 232
191 211 183 231
186 373 187 256
164 204 165 168
500 267 489 185
59 122 54 196
356 222 378 226
139 286 171 287
171 287 139 283
472 272 449 268
154 90 181 96
181 96 182 76
110 199 110 162
302 219 283 216
441 92 433 72
413 126 411 92
411 92 392 89
264 71 293 72
498 373 492 341
492 341 469 339
122 159 90 156
497 177 499 214
391 84 388 61
335 58 359 62
284 268 324 271
327 325 284 326
288 330 316 332
318 367 288 368
483 91 468 116
331 268 336 373
365 185 343 183
172 57 146 56
239 102 237 38
237 38 218 35
288 321 285 298
215 108 218 137
218 137 238 140
238 140 246 159
415 72 392 67
181 29 185 51
207 39 233 43
208 169 229 171
363 352 348 347
127 127 126 201
265 204 247 215
154 52 153 32
479 185 496 172
295 179 266 174
166 324 134 321
176 167 150 163
206 62 230 64
230 64 208 58
248 184 261 201
290 52 266 48
450 173 471 174
339 68 358 74
137 256 181 260
181 316 134 314
181 134 183 203
402 218 399 190
338 256 382 232
145 28 122 14
425 214 402 224
492 138 488 106
64 46 65 80
79 83 84 59
94 107 115 111
211 373 219 219
221 220 215 373
472 308 472 330
71 100 50 106
177 139 178 206
343 158 369 162
26 210 6 203
18 169 48 171
19 148 50 151
264 176 265 196
334 39 315 41
471 365 494 367
468 230 462 200
94 134 123 133
462 280 495 283
249 49 246 104
178 71 179 93
289 107 288 76
171 266 141 265
387 334 411 327
244 251 247 368
471 370 495 371
463 290 483 289
311 272 315 294
364 188 367 221
9 233 28 232
106 323 80 316
114 147 94 143
463 283 493 285
95 366 113 360
288 360 314 359
21 145 50 148
74 24 67 12
113 7 112 19
59 83 59 81
9 71 21 74
39 114 42 112
476 262 472 275
335 119 334 117
101 81 97 87
92 50 91 49
298 116 301 110
202 175 202 176
472 272 466 268
500 143 500 141
287 132 279 144
401 53 399 46
424 127 410 124
297 47 310 42
299 32 290 42
290 254 301 261
466 336 500 336
79 96 91 88
476 101 476 100
478 133 477 138
203 167 215 172
403 73 396 62
113 24 112 26
344 54 339 62
232 201 228 193
115 25 114 27
445 78 438 74
330 157 331 150
487 48 492 59
193 58 187 63
265 66 275 58
158 115 160 117
444 55 441 67
284 284 286 293
480 61 488 56
154 52 151 53
206 62 208 58
405 281 398 292
474 46 477 49
339 68 336 60
402 363 392 360
412 371 419 362
228 136 223 138
123 89 134 87
357 25 356 23
442 367 443 368
230 147 233 157
454 53 455 60
43 373 53 373
6 12 5 10
296 31 296 25
451 34 443 32
314 52 315 52
11 82 8 83
429 368 432 366
354 143 361 143
22 33 19 35
219 29 223 33
139 42 136 49
215 138 202 143
29 37 27 37
158 237 168 247
28 95 16 94
490 78 486 82
145 105 149 103
390 224 391 223
76 50 64 46
415 146 405 138
127 14 125 12
133 70 136 77
443 373 434 362
308 33 316 34
201 55 202 64
62 111 56 109
495 84 486 89
11 46 17 34
85 97 88 98
458 156 461 158
19 67 21 72
163 119 170 119
254 13 251 5
39 43 26 39
305 250 309 248
36 97 28 90
164 15 171 15
131 75 138 69
463 314 466 309
200 75 197 67
482 272 496 267
190 90 201 89
81 21 91 32
476 315 478 310
379 373 373 364
26 72 25 60
253 165 254 177
452 151 465 145
12 109 12 113
158 118 165 110
111 61 114 54
221 5 221 8
467 130 455 128
11 79 3 76
463 116 458 116
373 138 381 137
416 142 419 145
301 122 308 127
306 153 314 146
67 87 66 90
184 105 186 111
24 218 26 210
136 144 147 145
341 189 328 195
229 234 236 234
263 121 254 120
209 89 207 92
112 30 109 29
330 48 322 42
474 30 474 23
398 197 397 206
105 270 100 276
249 42 248 56
315 172 319 169
348 267 360 264
308 45 307 55
258 332 271 330
117 54 122 53
340 129 328 134
255 141 244 150
252 347 256 339
65 217 52 221
427 298 423 285
433 289 431 302
479 111 487 119
398 148 400 149
249 26 242 23
81 235 84 239
115 304 122 307
351 335 353 331
465 373 457 366
194 145 184 151
248 319 256 330
117 325 114 327
451 100 454 104
259 130 249 129
440 154 441 145
20 290 12 293
131 162 133 148
53 359 39 359
20 230 19 220
103 235 111 231
196 120 198 122
86 221 96 219
21 223 28 232
334 249 321 251
114 314 106 323
109 270 103 258
117 367 119 370
277 231 269 228
386 253 395 254
436 270 438 266
421 272 423 272
429 330 428 328
191 117 194 114
337 151 327 144
209 325 211 328
40 315 47 320
325 102 327 89
343 287 354 291
4 350 11 352
84 228 77 236
106 364 113 360
401 250 397 242
23 319 26 328
51 19 52 21
370 187 372 186
279 242 282 235
34 66 30 65
444 7 440 20
129 205 110 199
441 92 434 68
91 154 87 124
281 42 287 24
364 82 338 81
231 165 209 167
395 305 368 328
378 311 398 290
343 366 363 352
266 174 264 143
179 36 154 28
183 203 191 176
89 30 92 6
424 169 400 165
263 203 242 201
255 190 246 173
158 130 146 110
111 104 94 107
44 99 64 99
71 100 40 103
154 141 177 139
19 277 46 278
33 352 4 350
108 262 79 260
121 12 112 19
80 43 92 50
264 225 277 231
31 3 67 12
1 1 500 1
205 95 204 39
417 65 435 231
459 276 500 275
122 246 196 252
82 91 474 139
170 140 164 204
365 58 378 226
137 264 134 373
204 187 204 144
299 148 265 144
302 219 295 48
309 263 273 257
446 47 168 3
87 197 91 133
330 373 324 271
318 367 310 300
127 127 87 124
340 163 345 221
152 140 151 204
148 203 149 141
96 46 172 57
181 29 145 28
340 114 336 60
430 229 419 173
482 75 456 98
267 154 269 215
171 266 164 313
171 266 167 360
131 373 132 250
474 82 473 56
180 373 181 260
218 137 217 109
474 195 399 190
302 4 436 27
472 308 497 310
472 330 475 295
88 132 85 198
475 295 479 329
286 155 291 216
268 172 264 143
286 373 284 301
262 49 263 104
448 354 381 350
48 192 53 130
246 251 249 368
248 56 248 125
499 331 493 285
91 49 43 26
296 154 266 149
179 359 134 357
69 32 95 40
262 41 287 44
213 11 218 35
134 98 155 119
57 102 14 88
107 200 85 201
399 190 402 218
20 18 11 193
477 138 154 90
213 106 204 187
264 295 317 297
471 365 433 75
267 154 269 215
485 242 2 199
465 93 483 236
428 163 339 154
460 78 480 233
387 68 398 214
106 242 199 251
192 3 451 40
477 138 205 102
205 102 154 90
82 91 205 105
485 242 371 232
371 232 2 199
485 242 189 216
189 216 2 199
485 242 53 203
53 203 2 199
171 266 167 288
167 288 167 360
137 286 134 373
131 373 134 286
134 286 132 250
135 282 132 250
471 365 458 272
458 272 433 75
477 138 181 96
485 242 110 208
110 208 2 199
477 138 413 129
413 129 154 90
82 91 413 132
410 89 396 62
263 70 263 104
302 219 296 71
466 338 433 75
330 373 327 325
327 325 324 271
318 367 314 327
314 327 310 300
286 373 285 325
285 325 284 301
331 268 334 324
334 324 336 373
315 331 310 300
465 93 468 116
468 116 483 236
460 78 465 119
331 255 371 232
340 163 343 183
343 183 345 221
477 138 239 106
239 106 154 90
82 91 239 109
284 293 317 297
215 106 474 139
215 103 154 90
213 106 205 168
96 46 154 55
465 93 479 185
479 185 483 236
286 155 289 178
289 178 291 216
267 176 269 215
302 219 301 180
301 180 295 48
166 324 167 360
137 264 136 322
136 322 134 373
177 139 178 165
178 165 178 206
170 140 166 165
148 203 150 163
150 163 149 141
181 134 181 168
205 95 205 61
460 78 470 173
470 173 480 233
476 174 483 236
180 373 181 316
181 316 181 260
164 316 167 360
136 315 134 373
134 314 132 250
186 373 186 315
186 315 187 256
185 216 2 199
376 232 2 199
485 242 219 218
219 218 2 199
178 214 2 199
365 58 374 162
374 162 378 226
1 1 1 200
1 200 1 373
20 18 12 169
50 171 53 130
48 192 50 151
50 151 53 130
20 18 14 147
14 147 11 193
57 151 54 196
460 279 433 75
246 106 154 90
246 109 474 139
477 138 289 113
289 113 154 90
82 91 289 115
471 365 462 291
462 291 433 75
284 284 315 298
471 365 466 336
340 114 338 81
368 81 378 226
1 1 93 1
93 1 500 1
417 65 429 169
429 169 435 231
387 68 396 163
396 163 398 214
1 1 1 350
424 131 154 90
424 133 474 139
474 195 431 191
431 191 399 190
446 47 412 42
412 42 168 3
192 3 410 32
410 32 451 40
485 242 435 237
435 237 2 199
302 219 297 116
297 116 295 48
365 58 371 126
371 126 378 226
387 68 393 129
393 129 398 214
417 65 424 134
424 134 435 231
471 365 439 135
439 135 433 75
460 78 467 139
467 139 480 233
465 93 471 139
471 139 483 236
20 18 16 91
16 91 11 193
485 242 163 213
163 213 2 199
428 163 372 156
372 156 339 154
477 138 371 124
371 124 154 90
82 91 372 126
446 47 362 34
362 34 168 3
192 3 362 24
362 24 451 40
134 242 199 251
302 219 299 148
299 148 295 48
298 116 474 139
297 114 154 90
485 242 301 226
301 226 2 199
446 47 292 22
292 22 168 3
485 242 345 229
345 229 2 199
485 242 148 212
148 212 2 199
477 138 340 120
340 120 154 90
82 91 340 122
420 192 399 190
485 242 269 223
269 223 2 199
122 246 172 250
106 242 179 245
460 78 474 195
474 195 480 233
471 365 447 193
447 193 433 75
417 65 431 192
431 192 435 231
430 229 420 193
420 193 419 173
479 195 483 236
387 68 397 190
499 331 496 309
496 309 493 285
471 365 466 308
466 308 433 75
291 225 2 199
477 138 263 109
263 109 154 90
82 91 263 112
46 203 2 199
300 154 295 48
132 357 132 250
446 47 213 10
213 10 168 3
82 91 133 96
133 96 474 139
22 1 500 1
330 373 326 298
485 242 450 239
450 239 2 199
474 195 448 193
448 193 399 190
82 91 440 135
440 135 474 139
440 132 154 90
192 3 429 35
471 365 451 240
451 240 433 75
498 243 489 185
429 164 435 231
397 159 398 214
373 157 378 226
471 365 442 164
442 164 433 75
428 163 398 159
398 159 339 154
477 138 393 126
393 126 154 90
82 91 392 129
446 47 384 38
384 38 168 3
485 242 398 233
398 233 2 199
413 129 205 102
239 106 205 102
246 106 205 102
289 113 205 102
424 131 205 102
371 124 205 102
297 114 205 102
340 120 205 102
263 109 205 102
440 132 205 102
393 126 205 102
133 96 205 105
371 232 189 216
371 232 53 203
371 232 110 208
371 232 219 218
435 237 371 232
371 232 163 213
371 232 301 226
371 232 345 229
371 232 148 212
371 232 269 223
450 239 371 232
371 232 398 233
189 216 53 203
189 216 110 208
376 232 189 216
219 218 189 216
435 237 189 216
189 216 163 213
301 226 189 216
345 229 189 216
189 216 148 212
269 223 189 216
291 225 189 216
450 239 189 216
398 233 189 216
110 208 53 203
185 216 53 203
376 232 53 203
219 218 53 203
178 214 53 203
435 237 53 203
163 213 53 203
301 226 53 203
345 229 53 203
148 212 53 203
269 223 53 203
291 225 53 203
450 239 53 203
398 233 53 203
137 286 136 322
132 357 134 286
134 314 135 282
466 338 458 272
458 272 439 135
458 272 447 193
466 308 458 272
458 272 451 240
458 272 442 164
205 102 181 96
413 129 181 96
239 106 181 96
215 103 181 96
246 106 181 96
289 113 181 96
424 131 181 96
371 124 181 96
297 114 181 96
340 120 181 96
263 109 181 96
440 132 181 96
393 126 181 96
185 216 110 208
376 232 110 208
219 218 110 208
178 214 110 208
435 237 110 208
163 213 110 208
301 226 110 208
345 229 110 208
148 212 110 208
269 223 110 208
291 225 110 208
450 239 110 208
398 233 110 208
413 129 239 106
413 129 289 113
413 129 371 124
413 129 340 120
413 129 263 109
215 106 413 132
246 109 413 132
298 116 413 132
133 96 413 132
301 180 296 71
297 116 296 71
299 148 296 71
300 154 296 71
466 338 462 291
466 338 439 135
466 338 447 193
466 338 451 240
466 338 442 164
327 325 326 298
468 116 479 185
289 113 239 106
424 131 239 106
371 124 239 106
297 114 239 106
340 120 239 106
440 132 239 106
393 126 239 106
133 96 239 109
215 106 289 115
215 106 372 126
215 106 340 122
215 106 263 112
215 106 440 135
215 106 392 129
471 139 479 185
301 180 297 116
301 180 299 148
167 288 166 324
134 321 134 286
132 357 134 321
467 139 470 173
470 173 474 195
185 216 148 212
376 232 219 218
376 232 163 213
376 232 301 226
376 232 345 229
376 232 148 212
376 232 269 223
435 237 219 218
219 218 163 213
301 226 219 218
345 229 219 218
219 218 148 212
269 223 219 218
291 225 219 218
450 239 219 218
398 233 219 218
178 214 148 212
368 81 374 162
371 126 374 162
1 200 1 350
16 91 12 169
50 171 50 151
16 91 14 147
460 279 439 135
460 279 447 193
460 279 451 240
460 279 442 164
215 106 246 109
246 109 289 115
246 109 372 126
246 109 340 122
246 109 440 135
246 109 392 129
424 131 289 113
371 124 289 113
340 120 289 113
440 132 289 113
393 126 289 113
133 96 289 115
462 291 439 135
462 291 447 193
462 291 451 240
462 291 442 164
466 336 466 308
368 81 371 126
22 1 93 1
424 134 429 169
393 129 396 163
424 131 371 124
424 131 340 120
424 131 263 109
424 131 393 126
412 42 362 34
412 42 292 22
412 42 213 10
362 24 410 32
435 237 163 213
435 237 301 226
435 237 345 229
435 237 148 212
435 237 269 223
435 237 398 233
299 148 297 116
300 154 297 116
393 129 397 190
397 159 393 129
424 133 431 192
447 193 439 135
466 308 439 135
451 240 439 135
467 139 474 195
301 226 163 213
345 229 163 213
269 223 163 213
291 225 163 213
450 239 163 213
398 233 163 213
398 159 372 156
371 124 340 120
371 124 263 109
440 132 371 124
393 126 371 124
298 116 371 126
133 96 371 126
362 34 292 22
362 34 213 10
362 24 429 35
134 242 179 245
297 116 340 122
297 116 440 135
297 116 392 129
297 114 263 109
345 229 301 226
301 226 148 212
292 22 213 10
384 38 292 22
340 120 263 109
440 132 340 120
393 126 340 120
133 96 340 122
448 193 420 192
466 308 447 193
451 240 447 193
447 193 442 164
429 169 431 191
429 164 431 191
397 159 397 190
466 308 451 240
466 308 442 164
440 132 263 109
393 126 263 109
263 112 340 122
133 96 263 112
186 359 186 315
384 38 213 10
213 7 410 32
213 7 362 24
213 7 429 35
133 96 440 135
133 96 392 129
439 132 413 129
439 132 393 126
451 240 442 164
428 163 424 134
372 156 371 126
413 129 392 126
